+++++++++++++++++ HEADER ++++++++++++++++++++
+++++++++++++++++ HEADER ++++++++++++++++++++
+++++++++++++++++ HEADER ++++++++++++++++++++
+++++++++++++++++ HEADER ++++++++++++++++++++
+++++++++++++++++ HEADER ++++++++++++++++++++
+++++++++++++++++ HEADER ++++++++++++++++++++
+++++++++++++++++ HEADER ++++++++++++++++++++
+++++++++++++++++ HEADER ++++++++++++++++++++
+++++++++++++++++ HEADER ++++++++++++++++++++
+++++++++++++++++ HEADER ++++++++++++++++++++
+++++++++++++++++ HEADER ++++++++++++++++++++
3
 83
 84
 85

20071001 000000
20071001 060000
  11.5000
  78.5000
  11.5000
  78.5000
1
470.000000
490.000000
 45000
1
1
1
Zepp_071001

20071001 060000
20071001 120000
  11.5000
  78.5000
  11.5000
  78.5000
1
470.000000
490.000000
 45000
1
1
1
Zepp_071001

20071001 120000
20071001 180000
  11.5000
  78.5000
  11.5000
  78.5000
1
470.000000
490.000000
 45000
1
1
1
Zepp_071001

20071001 180000
20071002 000000
  11.5000
  78.5000
  11.5000
  78.5000
1
470.000000
490.000000
 45000
1
1
1
Zepp_071001

20071002 000000
20071002 060000
  11.5000
  78.5000
  11.5000
  78.5000
1
470.000000
490.000000
 45000
1
1
1
Zepp_071002

20071002 060000
20071002 120000
  11.5000
  78.5000
  11.5000
  78.5000
1
470.000000
490.000000
 45000
1
1
1
Zepp_071002

20071002 120000
20071002 180000
  11.5000
  78.5000
  11.5000
  78.5000
1
470.000000
490.000000
 45000
1
1
1
Zepp_071002

20071002 180000
20071003 000000
  11.5000
  78.5000
  11.5000
  78.5000
1
470.000000
490.000000
 45000
1
1
1
Zepp_071002

20071003 000000
20071003 060000
  11.5000
  78.5000
  11.5000
  78.5000
1
470.000000
490.000000
 45000
1
1
1
Zepp_071003

20071003 060000
20071003 120000
  11.5000
  78.5000
  11.5000
  78.5000
1
470.000000
490.000000
 45000
1
1
1
Zepp_071003

20071003 120000
20071003 180000
  11.5000
  78.5000
  11.5000
  78.5000
1
470.000000
490.000000
 45000
1
1
1
Zepp_071003

20071003 180000
20071004 000000
  11.5000
  78.5000
  11.5000
  78.5000
1
470.000000
490.000000
 45000
1
1
1
Zepp_071003

20071004 000000
20071004 060000
  11.5000
  78.5000
  11.5000
  78.5000
1
470.000000
490.000000
 45000
1
1
1
Zepp_071004

20071004 060000
20071004 120000
  11.5000
  78.5000
  11.5000
  78.5000
1
470.000000
490.000000
 45000
1
1
1
Zepp_071004

20071004 120000
20071004 180000
  11.5000
  78.5000
  11.5000
  78.5000
1
470.000000
490.000000
 45000
1
1
1
Zepp_071004

20071004 180000
20071005 000000
  11.5000
  78.5000
  11.5000
  78.5000
1
470.000000
490.000000
 45000
1
1
1
Zepp_071004

20071005 000000
20071005 060000
  11.5000
  78.5000
  11.5000
  78.5000
1
470.000000
490.000000
 45000
1
1
1
Zepp_071005

20071005 060000
20071005 120000
  11.5000
  78.5000
  11.5000
  78.5000
1
470.000000
490.000000
 45000
1
1
1
Zepp_071005

20071005 120000
20071005 180000
  11.5000
  78.5000
  11.5000
  78.5000
1
470.000000
490.000000
 45000
1
1
1
Zepp_071005

20071005 180000
20071006 000000
  11.5000
  78.5000
  11.5000
  78.5000
1
470.000000
490.000000
 45000
1
1
1
Zepp_071005

20071006 000000
20071006 060000
  11.5000
  78.5000
  11.5000
  78.5000
1
470.000000
490.000000
 45000
1
1
1
Zepp_071006

20071006 060000
20071006 120000
  11.5000
  78.5000
  11.5000
  78.5000
1
470.000000
490.000000
 45000
1
1
1
Zepp_071006

20071006 120000
20071006 180000
  11.5000
  78.5000
  11.5000
  78.5000
1
470.000000
490.000000
 45000
1
1
1
Zepp_071006

20071006 180000
20071007 000000
  11.5000
  78.5000
  11.5000
  78.5000
1
470.000000
490.000000
 45000
1
1
1
Zepp_071006

20071007 000000
20071007 060000
  11.5000
  78.5000
  11.5000
  78.5000
1
470.000000
490.000000
 45000
1
1
1
Zepp_071007

20071007 060000
20071007 120000
  11.5000
  78.5000
  11.5000
  78.5000
1
470.000000
490.000000
 45000
1
1
1
Zepp_071007

20071007 120000
20071007 180000
  11.5000
  78.5000
  11.5000
  78.5000
1
470.000000
490.000000
 45000
1
1
1
Zepp_071007

20071007 180000
20071008 000000
  11.5000
  78.5000
  11.5000
  78.5000
1
470.000000
490.000000
 45000
1
1
1
Zepp_071007

20071008 000000
20071008 060000
  11.5000
  78.5000
  11.5000
  78.5000
1
470.000000
490.000000
 45000
1
1
1
Zepp_071008

20071008 060000
20071008 120000
  11.5000
  78.5000
  11.5000
  78.5000
1
470.000000
490.000000
 45000
1
1
1
Zepp_071008

20071008 120000
20071008 180000
  11.5000
  78.5000
  11.5000
  78.5000
1
470.000000
490.000000
 45000
1
1
1
Zepp_071008

20071008 180000
20071009 000000
  11.5000
  78.5000
  11.5000
  78.5000
1
470.000000
490.000000
 45000
1
1
1
Zepp_071008

20071009 000000
20071009 060000
  11.5000
  78.5000
  11.5000
  78.5000
1
470.000000
490.000000
 45000
1
1
1
Zepp_071009

20071009 060000
20071009 120000
  11.5000
  78.5000
  11.5000
  78.5000
1
470.000000
490.000000
 45000
1
1
1
Zepp_071009

20071009 120000
20071009 180000
  11.5000
  78.5000
  11.5000
  78.5000
1
470.000000
490.000000
 45000
1
1
1
Zepp_071009

20071009 180000
20071010 000000
  11.5000
  78.5000
  11.5000
  78.5000
1
470.000000
490.000000
 45000
1
1
1
Zepp_071009

20071010 000000
20071010 060000
  11.5000
  78.5000
  11.5000
  78.5000
1
470.000000
490.000000
 45000
1
1
1
Zepp_071010

20071010 060000
20071010 120000
  11.5000
  78.5000
  11.5000
  78.5000
1
470.000000
490.000000
 45000
1
1
1
Zepp_071010

20071010 120000
20071010 180000
  11.5000
  78.5000
  11.5000
  78.5000
1
470.000000
490.000000
 45000
1
1
1
Zepp_071010

20071010 180000
20071011 000000
  11.5000
  78.5000
  11.5000
  78.5000
1
470.000000
490.000000
 45000
1
1
1
Zepp_071010

20071011 000000
20071011 060000
  11.5000
  78.5000
  11.5000
  78.5000
1
470.000000
490.000000
 45000
1
1
1
Zepp_071011

20071011 060000
20071011 120000
  11.5000
  78.5000
  11.5000
  78.5000
1
470.000000
490.000000
 45000
1
1
1
Zepp_071011

20071011 120000
20071011 180000
  11.5000
  78.5000
  11.5000
  78.5000
1
470.000000
490.000000
 45000
1
1
1
Zepp_071011

20071011 180000
20071012 000000
  11.5000
  78.5000
  11.5000
  78.5000
1
470.000000
490.000000
 45000
1
1
1
Zepp_071011

20071012 000000
20071012 060000
  11.5000
  78.5000
  11.5000
  78.5000
1
470.000000
490.000000
 45000
1
1
1
Zepp_071012

20071012 060000
20071012 120000
  11.5000
  78.5000
  11.5000
  78.5000
1
470.000000
490.000000
 45000
1
1
1
Zepp_071012

20071012 120000
20071012 180000
  11.5000
  78.5000
  11.5000
  78.5000
1
470.000000
490.000000
 45000
1
1
1
Zepp_071012

20071012 180000
20071013 000000
  11.5000
  78.5000
  11.5000
  78.5000
1
470.000000
490.000000
 45000
1
1
1
Zepp_071012

20071013 000000
20071013 060000
  11.5000
  78.5000
  11.5000
  78.5000
1
470.000000
490.000000
 45000
1
1
1
Zepp_071013

20071013 060000
20071013 120000
  11.5000
  78.5000
  11.5000
  78.5000
1
470.000000
490.000000
 45000
1
1
1
Zepp_071013

20071013 120000
20071013 180000
  11.5000
  78.5000
  11.5000
  78.5000
1
470.000000
490.000000
 45000
1
1
1
Zepp_071013

20071013 180000
20071014 000000
  11.5000
  78.5000
  11.5000
  78.5000
1
470.000000
490.000000
 45000
1
1
1
Zepp_071013

20071014 000000
20071014 060000
  11.5000
  78.5000
  11.5000
  78.5000
1
470.000000
490.000000
 45000
1
1
1
Zepp_071014

20071014 060000
20071014 120000
  11.5000
  78.5000
  11.5000
  78.5000
1
470.000000
490.000000
 45000
1
1
1
Zepp_071014

20071014 120000
20071014 180000
  11.5000
  78.5000
  11.5000
  78.5000
1
470.000000
490.000000
 45000
1
1
1
Zepp_071014

20071014 180000
20071015 000000
  11.5000
  78.5000
  11.5000
  78.5000
1
470.000000
490.000000
 45000
1
1
1
Zepp_071014

20071015 000000
20071015 060000
  11.5000
  78.5000
  11.5000
  78.5000
1
470.000000
490.000000
 45000
1
1
1
Zepp_071015

20071015 060000
20071015 120000
  11.5000
  78.5000
  11.5000
  78.5000
1
470.000000
490.000000
 45000
1
1
1
Zepp_071015

20071015 120000
20071015 180000
  11.5000
  78.5000
  11.5000
  78.5000
1
470.000000
490.000000
 45000
1
1
1
Zepp_071015

20071015 180000
20071016 000000
  11.5000
  78.5000
  11.5000
  78.5000
1
470.000000
490.000000
 45000
1
1
1
Zepp_071015

20071016 000000
20071016 060000
  11.5000
  78.5000
  11.5000
  78.5000
1
470.000000
490.000000
 45000
1
1
1
Zepp_071016

20071016 060000
20071016 120000
  11.5000
  78.5000
  11.5000
  78.5000
1
470.000000
490.000000
 45000
1
1
1
Zepp_071016

20071016 120000
20071016 180000
  11.5000
  78.5000
  11.5000
  78.5000
1
470.000000
490.000000
 45000
1
1
1
Zepp_071016

20071016 180000
20071017 000000
  11.5000
  78.5000
  11.5000
  78.5000
1
470.000000
490.000000
 45000
1
1
1
Zepp_071016

20071017 000000
20071017 060000
  11.5000
  78.5000
  11.5000
  78.5000
1
470.000000
490.000000
 45000
1
1
1
Zepp_071017

20071017 060000
20071017 120000
  11.5000
  78.5000
  11.5000
  78.5000
1
470.000000
490.000000
 45000
1
1
1
Zepp_071017

20071017 120000
20071017 180000
  11.5000
  78.5000
  11.5000
  78.5000
1
470.000000
490.000000
 45000
1
1
1
Zepp_071017

20071017 180000
20071018 000000
  11.5000
  78.5000
  11.5000
  78.5000
1
470.000000
490.000000
 45000
1
1
1
Zepp_071017

20071018 000000
20071018 060000
  11.5000
  78.5000
  11.5000
  78.5000
1
470.000000
490.000000
 45000
1
1
1
Zepp_071018

20071018 060000
20071018 120000
  11.5000
  78.5000
  11.5000
  78.5000
1
470.000000
490.000000
 45000
1
1
1
Zepp_071018

20071018 120000
20071018 180000
  11.5000
  78.5000
  11.5000
  78.5000
1
470.000000
490.000000
 45000
1
1
1
Zepp_071018

20071018 180000
20071019 000000
  11.5000
  78.5000
  11.5000
  78.5000
1
470.000000
490.000000
 45000
1
1
1
Zepp_071018

20071019 000000
20071019 060000
  11.5000
  78.5000
  11.5000
  78.5000
1
470.000000
490.000000
 45000
1
1
1
Zepp_071019

20071019 060000
20071019 120000
  11.5000
  78.5000
  11.5000
  78.5000
1
470.000000
490.000000
 45000
1
1
1
Zepp_071019

20071019 120000
20071019 180000
  11.5000
  78.5000
  11.5000
  78.5000
1
470.000000
490.000000
 45000
1
1
1
Zepp_071019

20071019 180000
20071020 000000
  11.5000
  78.5000
  11.5000
  78.5000
1
470.000000
490.000000
 45000
1
1
1
Zepp_071019

20071020 000000
20071020 060000
  11.5000
  78.5000
  11.5000
  78.5000
1
470.000000
490.000000
 45000
1
1
1
Zepp_071020

20071020 060000
20071020 120000
  11.5000
  78.5000
  11.5000
  78.5000
1
470.000000
490.000000
 45000
1
1
1
Zepp_071020

20071020 120000
20071020 180000
  11.5000
  78.5000
  11.5000
  78.5000
1
470.000000
490.000000
 45000
1
1
1
Zepp_071020

20071020 180000
20071021 000000
  11.5000
  78.5000
  11.5000
  78.5000
1
470.000000
490.000000
 45000
1
1
1
Zepp_071020

20071021 000000
20071021 060000
  11.5000
  78.5000
  11.5000
  78.5000
1
470.000000
490.000000
 45000
1
1
1
Zepp_071021

20071021 060000
20071021 120000
  11.5000
  78.5000
  11.5000
  78.5000
1
470.000000
490.000000
 45000
1
1
1
Zepp_071021

20071021 120000
20071021 180000
  11.5000
  78.5000
  11.5000
  78.5000
1
470.000000
490.000000
 45000
1
1
1
Zepp_071021

20071021 180000
20071022 000000
  11.5000
  78.5000
  11.5000
  78.5000
1
470.000000
490.000000
 45000
1
1
1
Zepp_071021

20071022 000000
20071022 060000
  11.5000
  78.5000
  11.5000
  78.5000
1
470.000000
490.000000
 45000
1
1
1
Zepp_071022

20071022 060000
20071022 120000
  11.5000
  78.5000
  11.5000
  78.5000
1
470.000000
490.000000
 45000
1
1
1
Zepp_071022

20071022 120000
20071022 180000
  11.5000
  78.5000
  11.5000
  78.5000
1
470.000000
490.000000
 45000
1
1
1
Zepp_071022

20071022 180000
20071023 000000
  11.5000
  78.5000
  11.5000
  78.5000
1
470.000000
490.000000
 45000
1
1
1
Zepp_071022

20071023 000000
20071023 060000
  11.5000
  78.5000
  11.5000
  78.5000
1
470.000000
490.000000
 45000
1
1
1
Zepp_071023

20071023 060000
20071023 120000
  11.5000
  78.5000
  11.5000
  78.5000
1
470.000000
490.000000
 45000
1
1
1
Zepp_071023

20071023 120000
20071023 180000
  11.5000
  78.5000
  11.5000
  78.5000
1
470.000000
490.000000
 45000
1
1
1
Zepp_071023

20071023 180000
20071024 000000
  11.5000
  78.5000
  11.5000
  78.5000
1
470.000000
490.000000
 45000
1
1
1
Zepp_071023

20071024 000000
20071024 060000
  11.5000
  78.5000
  11.5000
  78.5000
1
470.000000
490.000000
 45000
1
1
1
Zepp_071024

20071024 060000
20071024 120000
  11.5000
  78.5000
  11.5000
  78.5000
1
470.000000
490.000000
 45000
1
1
1
Zepp_071024

20071024 120000
20071024 180000
  11.5000
  78.5000
  11.5000
  78.5000
1
470.000000
490.000000
 45000
1
1
1
Zepp_071024

20071024 180000
20071025 000000
  11.5000
  78.5000
  11.5000
  78.5000
1
470.000000
490.000000
 45000
1
1
1
Zepp_071024

20071025 000000
20071025 060000
  11.5000
  78.5000
  11.5000
  78.5000
1
470.000000
490.000000
 45000
1
1
1
Zepp_071025

20071025 060000
20071025 120000
  11.5000
  78.5000
  11.5000
  78.5000
1
470.000000
490.000000
 45000
1
1
1
Zepp_071025

20071025 120000
20071025 180000
  11.5000
  78.5000
  11.5000
  78.5000
1
470.000000
490.000000
 45000
1
1
1
Zepp_071025

20071025 180000
20071026 000000
  11.5000
  78.5000
  11.5000
  78.5000
1
470.000000
490.000000
 45000
1
1
1
Zepp_071025

20071026 000000
20071026 060000
  11.5000
  78.5000
  11.5000
  78.5000
1
470.000000
490.000000
 45000
1
1
1
Zepp_071026

20071026 060000
20071026 120000
  11.5000
  78.5000
  11.5000
  78.5000
1
470.000000
490.000000
 45000
1
1
1
Zepp_071026

20071026 120000
20071026 180000
  11.5000
  78.5000
  11.5000
  78.5000
1
470.000000
490.000000
 45000
1
1
1
Zepp_071026

20071026 180000
20071027 000000
  11.5000
  78.5000
  11.5000
  78.5000
1
470.000000
490.000000
 45000
1
1
1
Zepp_071026

20071027 000000
20071027 060000
  11.5000
  78.5000
  11.5000
  78.5000
1
470.000000
490.000000
 45000
1
1
1
Zepp_071027

20071027 060000
20071027 120000
  11.5000
  78.5000
  11.5000
  78.5000
1
470.000000
490.000000
 45000
1
1
1
Zepp_071027

20071027 120000
20071027 180000
  11.5000
  78.5000
  11.5000
  78.5000
1
470.000000
490.000000
 45000
1
1
1
Zepp_071027

20071027 180000
20071028 000000
  11.5000
  78.5000
  11.5000
  78.5000
1
470.000000
490.000000
 45000
1
1
1
Zepp_071027

20071028 000000
20071028 060000
  11.5000
  78.5000
  11.5000
  78.5000
1
470.000000
490.000000
 45000
1
1
1
Zepp_071028

20071028 060000
20071028 120000
  11.5000
  78.5000
  11.5000
  78.5000
1
470.000000
490.000000
 45000
1
1
1
Zepp_071028

20071028 120000
20071028 180000
  11.5000
  78.5000
  11.5000
  78.5000
1
470.000000
490.000000
 45000
1
1
1
Zepp_071028

20071028 180000
20071029 000000
  11.5000
  78.5000
  11.5000
  78.5000
1
470.000000
490.000000
 45000
1
1
1
Zepp_071028

20071029 000000
20071029 060000
  11.5000
  78.5000
  11.5000
  78.5000
1
470.000000
490.000000
 45000
1
1
1
Zepp_071029

20071029 060000
20071029 120000
  11.5000
  78.5000
  11.5000
  78.5000
1
470.000000
490.000000
 45000
1
1
1
Zepp_071029

20071029 120000
20071029 180000
  11.5000
  78.5000
  11.5000
  78.5000
1
470.000000
490.000000
 45000
1
1
1
Zepp_071029

20071029 180000
20071030 000000
  11.5000
  78.5000
  11.5000
  78.5000
1
470.000000
490.000000
 45000
1
1
1
Zepp_071029

20071030 000000
20071030 060000
  11.5000
  78.5000
  11.5000
  78.5000
1
470.000000
490.000000
 45000
1
1
1
Zepp_071030

20071030 060000
20071030 120000
  11.5000
  78.5000
  11.5000
  78.5000
1
470.000000
490.000000
 45000
1
1
1
Zepp_071030

20071030 120000
20071030 180000
  11.5000
  78.5000
  11.5000
  78.5000
1
470.000000
490.000000
 45000
1
1
1
Zepp_071030

20071030 180000
20071031 000000
  11.5000
  78.5000
  11.5000
  78.5000
1
470.000000
490.000000
 45000
1
1
1
Zepp_071030

20071031 000000
20071031 060000
  11.5000
  78.5000
  11.5000
  78.5000
1
470.000000
490.000000
 45000
1
1
1
Zepp_071031

20071031 060000
20071031 120000
  11.5000
  78.5000
  11.5000
  78.5000
1
470.000000
490.000000
 45000
1
1
1
Zepp_071031

20071031 120000
20071031 180000
  11.5000
  78.5000
  11.5000
  78.5000
1
470.000000
490.000000
 45000
1
1
1
Zepp_071031

20071031 180000
20071101 000000
  11.5000
  78.5000
  11.5000
  78.5000
1
470.000000
490.000000
 45000
1
1
1
Zepp_071031

