+++++++++++++++++ HEADER ++++++++++++++++++++
+++++++++++++++++ HEADER ++++++++++++++++++++
+++++++++++++++++ HEADER ++++++++++++++++++++
+++++++++++++++++ HEADER ++++++++++++++++++++
+++++++++++++++++ HEADER ++++++++++++++++++++
+++++++++++++++++ HEADER ++++++++++++++++++++
+++++++++++++++++ HEADER ++++++++++++++++++++
+++++++++++++++++ HEADER ++++++++++++++++++++
+++++++++++++++++ HEADER ++++++++++++++++++++
+++++++++++++++++ HEADER ++++++++++++++++++++
+++++++++++++++++ HEADER ++++++++++++++++++++
3
 83
 84
 85

20070501 000000
20070501 060000
  12.5000
  51.3000
  12.5000
  51.3000
1
70.000000
100.000000
 45000
1
1
1
Melp_070501

20070501 060000
20070501 120000
  12.5000
  51.3000
  12.5000
  51.3000
1
70.000000
100.000000
 45000
1
1
1
Melp_070501

20070501 120000
20070501 180000
  12.5000
  51.3000
  12.5000
  51.3000
1
70.000000
100.000000
 45000
1
1
1
Melp_070501

20070501 180000
20070502 000000
  12.5000
  51.3000
  12.5000
  51.3000
1
70.000000
100.000000
 45000
1
1
1
Melp_070501

20070502 000000
20070502 060000
  12.5000
  51.3000
  12.5000
  51.3000
1
70.000000
100.000000
 45000
1
1
1
Melp_070502

20070502 060000
20070502 120000
  12.5000
  51.3000
  12.5000
  51.3000
1
70.000000
100.000000
 45000
1
1
1
Melp_070502

20070502 120000
20070502 180000
  12.5000
  51.3000
  12.5000
  51.3000
1
70.000000
100.000000
 45000
1
1
1
Melp_070502

20070502 180000
20070503 000000
  12.5000
  51.3000
  12.5000
  51.3000
1
70.000000
100.000000
 45000
1
1
1
Melp_070502

20070503 000000
20070503 060000
  12.5000
  51.3000
  12.5000
  51.3000
1
70.000000
100.000000
 45000
1
1
1
Melp_070503

20070503 060000
20070503 120000
  12.5000
  51.3000
  12.5000
  51.3000
1
70.000000
100.000000
 45000
1
1
1
Melp_070503

20070503 120000
20070503 180000
  12.5000
  51.3000
  12.5000
  51.3000
1
70.000000
100.000000
 45000
1
1
1
Melp_070503

20070503 180000
20070504 000000
  12.5000
  51.3000
  12.5000
  51.3000
1
70.000000
100.000000
 45000
1
1
1
Melp_070503

20070504 000000
20070504 060000
  12.5000
  51.3000
  12.5000
  51.3000
1
70.000000
100.000000
 45000
1
1
1
Melp_070504

20070504 060000
20070504 120000
  12.5000
  51.3000
  12.5000
  51.3000
1
70.000000
100.000000
 45000
1
1
1
Melp_070504

20070504 120000
20070504 180000
  12.5000
  51.3000
  12.5000
  51.3000
1
70.000000
100.000000
 45000
1
1
1
Melp_070504

20070504 180000
20070505 000000
  12.5000
  51.3000
  12.5000
  51.3000
1
70.000000
100.000000
 45000
1
1
1
Melp_070504

20070505 000000
20070505 060000
  12.5000
  51.3000
  12.5000
  51.3000
1
70.000000
100.000000
 45000
1
1
1
Melp_070505

20070505 060000
20070505 120000
  12.5000
  51.3000
  12.5000
  51.3000
1
70.000000
100.000000
 45000
1
1
1
Melp_070505

20070505 120000
20070505 180000
  12.5000
  51.3000
  12.5000
  51.3000
1
70.000000
100.000000
 45000
1
1
1
Melp_070505

20070505 180000
20070506 000000
  12.5000
  51.3000
  12.5000
  51.3000
1
70.000000
100.000000
 45000
1
1
1
Melp_070505

20070506 000000
20070506 060000
  12.5000
  51.3000
  12.5000
  51.3000
1
70.000000
100.000000
 45000
1
1
1
Melp_070506

20070506 060000
20070506 120000
  12.5000
  51.3000
  12.5000
  51.3000
1
70.000000
100.000000
 45000
1
1
1
Melp_070506

20070506 120000
20070506 180000
  12.5000
  51.3000
  12.5000
  51.3000
1
70.000000
100.000000
 45000
1
1
1
Melp_070506

20070506 180000
20070507 000000
  12.5000
  51.3000
  12.5000
  51.3000
1
70.000000
100.000000
 45000
1
1
1
Melp_070506

20070507 000000
20070507 060000
  12.5000
  51.3000
  12.5000
  51.3000
1
70.000000
100.000000
 45000
1
1
1
Melp_070507

20070507 060000
20070507 120000
  12.5000
  51.3000
  12.5000
  51.3000
1
70.000000
100.000000
 45000
1
1
1
Melp_070507

20070507 120000
20070507 180000
  12.5000
  51.3000
  12.5000
  51.3000
1
70.000000
100.000000
 45000
1
1
1
Melp_070507

20070507 180000
20070508 000000
  12.5000
  51.3000
  12.5000
  51.3000
1
70.000000
100.000000
 45000
1
1
1
Melp_070507

20070508 000000
20070508 060000
  12.5000
  51.3000
  12.5000
  51.3000
1
70.000000
100.000000
 45000
1
1
1
Melp_070508

20070508 060000
20070508 120000
  12.5000
  51.3000
  12.5000
  51.3000
1
70.000000
100.000000
 45000
1
1
1
Melp_070508

20070508 120000
20070508 180000
  12.5000
  51.3000
  12.5000
  51.3000
1
70.000000
100.000000
 45000
1
1
1
Melp_070508

20070508 180000
20070509 000000
  12.5000
  51.3000
  12.5000
  51.3000
1
70.000000
100.000000
 45000
1
1
1
Melp_070508

20070509 000000
20070509 060000
  12.5000
  51.3000
  12.5000
  51.3000
1
70.000000
100.000000
 45000
1
1
1
Melp_070509

20070509 060000
20070509 120000
  12.5000
  51.3000
  12.5000
  51.3000
1
70.000000
100.000000
 45000
1
1
1
Melp_070509

20070509 120000
20070509 180000
  12.5000
  51.3000
  12.5000
  51.3000
1
70.000000
100.000000
 45000
1
1
1
Melp_070509

20070509 180000
20070510 000000
  12.5000
  51.3000
  12.5000
  51.3000
1
70.000000
100.000000
 45000
1
1
1
Melp_070509

20070510 000000
20070510 060000
  12.5000
  51.3000
  12.5000
  51.3000
1
70.000000
100.000000
 45000
1
1
1
Melp_070510

20070510 060000
20070510 120000
  12.5000
  51.3000
  12.5000
  51.3000
1
70.000000
100.000000
 45000
1
1
1
Melp_070510

20070510 120000
20070510 180000
  12.5000
  51.3000
  12.5000
  51.3000
1
70.000000
100.000000
 45000
1
1
1
Melp_070510

20070510 180000
20070511 000000
  12.5000
  51.3000
  12.5000
  51.3000
1
70.000000
100.000000
 45000
1
1
1
Melp_070510

20070511 000000
20070511 060000
  12.5000
  51.3000
  12.5000
  51.3000
1
70.000000
100.000000
 45000
1
1
1
Melp_070511

20070511 060000
20070511 120000
  12.5000
  51.3000
  12.5000
  51.3000
1
70.000000
100.000000
 45000
1
1
1
Melp_070511

20070511 120000
20070511 180000
  12.5000
  51.3000
  12.5000
  51.3000
1
70.000000
100.000000
 45000
1
1
1
Melp_070511

20070511 180000
20070512 000000
  12.5000
  51.3000
  12.5000
  51.3000
1
70.000000
100.000000
 45000
1
1
1
Melp_070511

20070512 000000
20070512 060000
  12.5000
  51.3000
  12.5000
  51.3000
1
70.000000
100.000000
 45000
1
1
1
Melp_070512

20070512 060000
20070512 120000
  12.5000
  51.3000
  12.5000
  51.3000
1
70.000000
100.000000
 45000
1
1
1
Melp_070512

20070512 120000
20070512 180000
  12.5000
  51.3000
  12.5000
  51.3000
1
70.000000
100.000000
 45000
1
1
1
Melp_070512

20070512 180000
20070513 000000
  12.5000
  51.3000
  12.5000
  51.3000
1
70.000000
100.000000
 45000
1
1
1
Melp_070512

20070513 000000
20070513 060000
  12.5000
  51.3000
  12.5000
  51.3000
1
70.000000
100.000000
 45000
1
1
1
Melp_070513

20070513 060000
20070513 120000
  12.5000
  51.3000
  12.5000
  51.3000
1
70.000000
100.000000
 45000
1
1
1
Melp_070513

20070513 120000
20070513 180000
  12.5000
  51.3000
  12.5000
  51.3000
1
70.000000
100.000000
 45000
1
1
1
Melp_070513

20070513 180000
20070514 000000
  12.5000
  51.3000
  12.5000
  51.3000
1
70.000000
100.000000
 45000
1
1
1
Melp_070513

20070514 000000
20070514 060000
  12.5000
  51.3000
  12.5000
  51.3000
1
70.000000
100.000000
 45000
1
1
1
Melp_070514

20070514 060000
20070514 120000
  12.5000
  51.3000
  12.5000
  51.3000
1
70.000000
100.000000
 45000
1
1
1
Melp_070514

20070515 000000
20070515 060000
  12.5000
  51.3000
  12.5000
  51.3000
1
70.000000
100.000000
 45000
1
1
1
Melp_070515

20070515 060000
20070515 120000
  12.5000
  51.3000
  12.5000
  51.3000
1
70.000000
100.000000
 45000
1
1
1
Melp_070515

20070515 120000
20070515 180000
  12.5000
  51.3000
  12.5000
  51.3000
1
70.000000
100.000000
 45000
1
1
1
Melp_070515

20070521 120000
20070521 180000
  12.5000
  51.3000
  12.5000
  51.3000
1
70.000000
100.000000
 45000
1
1
1
Melp_070521

20070521 180000
20070522 000000
  12.5000
  51.3000
  12.5000
  51.3000
1
70.000000
100.000000
 45000
1
1
1
Melp_070521

20070522 000000
20070522 060000
  12.5000
  51.3000
  12.5000
  51.3000
1
70.000000
100.000000
 45000
1
1
1
Melp_070522

20070522 060000
20070522 120000
  12.5000
  51.3000
  12.5000
  51.3000
1
70.000000
100.000000
 45000
1
1
1
Melp_070522

20070522 120000
20070522 180000
  12.5000
  51.3000
  12.5000
  51.3000
1
70.000000
100.000000
 45000
1
1
1
Melp_070522

20070522 180000
20070523 000000
  12.5000
  51.3000
  12.5000
  51.3000
1
70.000000
100.000000
 45000
1
1
1
Melp_070522

20070523 000000
20070523 060000
  12.5000
  51.3000
  12.5000
  51.3000
1
70.000000
100.000000
 45000
1
1
1
Melp_070523

20070523 060000
20070523 120000
  12.5000
  51.3000
  12.5000
  51.3000
1
70.000000
100.000000
 45000
1
1
1
Melp_070523

20070523 120000
20070523 180000
  12.5000
  51.3000
  12.5000
  51.3000
1
70.000000
100.000000
 45000
1
1
1
Melp_070523

20070523 180000
20070524 000000
  12.5000
  51.3000
  12.5000
  51.3000
1
70.000000
100.000000
 45000
1
1
1
Melp_070523

20070524 000000
20070524 060000
  12.5000
  51.3000
  12.5000
  51.3000
1
70.000000
100.000000
 45000
1
1
1
Melp_070524

20070524 060000
20070524 120000
  12.5000
  51.3000
  12.5000
  51.3000
1
70.000000
100.000000
 45000
1
1
1
Melp_070524

20070524 120000
20070524 180000
  12.5000
  51.3000
  12.5000
  51.3000
1
70.000000
100.000000
 45000
1
1
1
Melp_070524

20070524 180000
20070525 000000
  12.5000
  51.3000
  12.5000
  51.3000
1
70.000000
100.000000
 45000
1
1
1
Melp_070524

20070525 000000
20070525 060000
  12.5000
  51.3000
  12.5000
  51.3000
1
70.000000
100.000000
 45000
1
1
1
Melp_070525

20070525 060000
20070525 120000
  12.5000
  51.3000
  12.5000
  51.3000
1
70.000000
100.000000
 45000
1
1
1
Melp_070525

20070525 120000
20070525 180000
  12.5000
  51.3000
  12.5000
  51.3000
1
70.000000
100.000000
 45000
1
1
1
Melp_070525

20070525 180000
20070526 000000
  12.5000
  51.3000
  12.5000
  51.3000
1
70.000000
100.000000
 45000
1
1
1
Melp_070525

20070526 000000
20070526 060000
  12.5000
  51.3000
  12.5000
  51.3000
1
70.000000
100.000000
 45000
1
1
1
Melp_070526

20070526 060000
20070526 120000
  12.5000
  51.3000
  12.5000
  51.3000
1
70.000000
100.000000
 45000
1
1
1
Melp_070526

20070526 120000
20070526 180000
  12.5000
  51.3000
  12.5000
  51.3000
1
70.000000
100.000000
 45000
1
1
1
Melp_070526

20070526 180000
20070527 000000
  12.5000
  51.3000
  12.5000
  51.3000
1
70.000000
100.000000
 45000
1
1
1
Melp_070526

20070527 000000
20070527 060000
  12.5000
  51.3000
  12.5000
  51.3000
1
70.000000
100.000000
 45000
1
1
1
Melp_070527

20070527 060000
20070527 120000
  12.5000
  51.3000
  12.5000
  51.3000
1
70.000000
100.000000
 45000
1
1
1
Melp_070527

20070527 120000
20070527 180000
  12.5000
  51.3000
  12.5000
  51.3000
1
70.000000
100.000000
 45000
1
1
1
Melp_070527

20070527 180000
20070528 000000
  12.5000
  51.3000
  12.5000
  51.3000
1
70.000000
100.000000
 45000
1
1
1
Melp_070527

20070528 000000
20070528 060000
  12.5000
  51.3000
  12.5000
  51.3000
1
70.000000
100.000000
 45000
1
1
1
Melp_070528

20070528 060000
20070528 120000
  12.5000
  51.3000
  12.5000
  51.3000
1
70.000000
100.000000
 45000
1
1
1
Melp_070528

20070528 120000
20070528 180000
  12.5000
  51.3000
  12.5000
  51.3000
1
70.000000
100.000000
 45000
1
1
1
Melp_070528

20070528 180000
20070529 000000
  12.5000
  51.3000
  12.5000
  51.3000
1
70.000000
100.000000
 45000
1
1
1
Melp_070528

20070529 000000
20070529 060000
  12.5000
  51.3000
  12.5000
  51.3000
1
70.000000
100.000000
 45000
1
1
1
Melp_070529

20070529 060000
20070529 120000
  12.5000
  51.3000
  12.5000
  51.3000
1
70.000000
100.000000
 45000
1
1
1
Melp_070529

20070529 120000
20070529 180000
  12.5000
  51.3000
  12.5000
  51.3000
1
70.000000
100.000000
 45000
1
1
1
Melp_070529

20070529 180000
20070530 000000
  12.5000
  51.3000
  12.5000
  51.3000
1
70.000000
100.000000
 45000
1
1
1
Melp_070529

20070530 000000
20070530 060000
  12.5000
  51.3000
  12.5000
  51.3000
1
70.000000
100.000000
 45000
1
1
1
Melp_070530

20070530 060000
20070530 120000
  12.5000
  51.3000
  12.5000
  51.3000
1
70.000000
100.000000
 45000
1
1
1
Melp_070530

20070530 120000
20070530 180000
  12.5000
  51.3000
  12.5000
  51.3000
1
70.000000
100.000000
 45000
1
1
1
Melp_070530

20070530 180000
20070531 000000
  12.5000
  51.3000
  12.5000
  51.3000
1
70.000000
100.000000
 45000
1
1
1
Melp_070530

20070531 000000
20070531 060000
  12.5000
  51.3000
  12.5000
  51.3000
1
70.000000
100.000000
 45000
1
1
1
Melp_070531

20070531 060000
20070531 120000
  12.5000
  51.3000
  12.5000
  51.3000
1
70.000000
100.000000
 45000
1
1
1
Melp_070531

20070531 120000
20070531 180000
  12.5000
  51.3000
  12.5000
  51.3000
1
70.000000
100.000000
 45000
1
1
1
Melp_070531

20070531 180000
20070601 000000
  12.5000
  51.3000
  12.5000
  51.3000
1
70.000000
100.000000
 45000
1
1
1
Melp_070531

