+++++++++++++++++ HEADER ++++++++++++++++++++
+++++++++++++++++ HEADER ++++++++++++++++++++
+++++++++++++++++ HEADER ++++++++++++++++++++
+++++++++++++++++ HEADER ++++++++++++++++++++
+++++++++++++++++ HEADER ++++++++++++++++++++
+++++++++++++++++ HEADER ++++++++++++++++++++
+++++++++++++++++ HEADER ++++++++++++++++++++
+++++++++++++++++ HEADER ++++++++++++++++++++
+++++++++++++++++ HEADER ++++++++++++++++++++
+++++++++++++++++ HEADER ++++++++++++++++++++
+++++++++++++++++ HEADER ++++++++++++++++++++
3
 83
 84
 85

20070901 000000
20070901 060000
  12.5000
  51.3000
  12.5000
  51.3000
1
70.000000
100.000000
 45000
1
1
1
Melp_070901

20070901 060000
20070901 120000
  12.5000
  51.3000
  12.5000
  51.3000
1
70.000000
100.000000
 45000
1
1
1
Melp_070901

20070901 120000
20070901 180000
  12.5000
  51.3000
  12.5000
  51.3000
1
70.000000
100.000000
 45000
1
1
1
Melp_070901

20070901 180000
20070902 000000
  12.5000
  51.3000
  12.5000
  51.3000
1
70.000000
100.000000
 45000
1
1
1
Melp_070901

20070902 000000
20070902 060000
  12.5000
  51.3000
  12.5000
  51.3000
1
70.000000
100.000000
 45000
1
1
1
Melp_070902

20070902 060000
20070902 120000
  12.5000
  51.3000
  12.5000
  51.3000
1
70.000000
100.000000
 45000
1
1
1
Melp_070902

20070902 120000
20070902 180000
  12.5000
  51.3000
  12.5000
  51.3000
1
70.000000
100.000000
 45000
1
1
1
Melp_070902

20070902 180000
20070903 000000
  12.5000
  51.3000
  12.5000
  51.3000
1
70.000000
100.000000
 45000
1
1
1
Melp_070902

20070903 000000
20070903 060000
  12.5000
  51.3000
  12.5000
  51.3000
1
70.000000
100.000000
 45000
1
1
1
Melp_070903

20070903 060000
20070903 120000
  12.5000
  51.3000
  12.5000
  51.3000
1
70.000000
100.000000
 45000
1
1
1
Melp_070903

20070903 120000
20070903 180000
  12.5000
  51.3000
  12.5000
  51.3000
1
70.000000
100.000000
 45000
1
1
1
Melp_070903

20070903 180000
20070904 000000
  12.5000
  51.3000
  12.5000
  51.3000
1
70.000000
100.000000
 45000
1
1
1
Melp_070903

20070904 000000
20070904 060000
  12.5000
  51.3000
  12.5000
  51.3000
1
70.000000
100.000000
 45000
1
1
1
Melp_070904

20070904 060000
20070904 120000
  12.5000
  51.3000
  12.5000
  51.3000
1
70.000000
100.000000
 45000
1
1
1
Melp_070904

20070904 120000
20070904 180000
  12.5000
  51.3000
  12.5000
  51.3000
1
70.000000
100.000000
 45000
1
1
1
Melp_070904

20070904 180000
20070905 000000
  12.5000
  51.3000
  12.5000
  51.3000
1
70.000000
100.000000
 45000
1
1
1
Melp_070904

20070905 000000
20070905 060000
  12.5000
  51.3000
  12.5000
  51.3000
1
70.000000
100.000000
 45000
1
1
1
Melp_070905

20070905 060000
20070905 120000
  12.5000
  51.3000
  12.5000
  51.3000
1
70.000000
100.000000
 45000
1
1
1
Melp_070905

20070905 120000
20070905 180000
  12.5000
  51.3000
  12.5000
  51.3000
1
70.000000
100.000000
 45000
1
1
1
Melp_070905

20070905 180000
20070906 000000
  12.5000
  51.3000
  12.5000
  51.3000
1
70.000000
100.000000
 45000
1
1
1
Melp_070905

20070906 000000
20070906 060000
  12.5000
  51.3000
  12.5000
  51.3000
1
70.000000
100.000000
 45000
1
1
1
Melp_070906

20070906 060000
20070906 120000
  12.5000
  51.3000
  12.5000
  51.3000
1
70.000000
100.000000
 45000
1
1
1
Melp_070906

20070906 120000
20070906 180000
  12.5000
  51.3000
  12.5000
  51.3000
1
70.000000
100.000000
 45000
1
1
1
Melp_070906

20070906 180000
20070907 000000
  12.5000
  51.3000
  12.5000
  51.3000
1
70.000000
100.000000
 45000
1
1
1
Melp_070906

20070907 000000
20070907 060000
  12.5000
  51.3000
  12.5000
  51.3000
1
70.000000
100.000000
 45000
1
1
1
Melp_070907

20070907 060000
20070907 120000
  12.5000
  51.3000
  12.5000
  51.3000
1
70.000000
100.000000
 45000
1
1
1
Melp_070907

20070907 120000
20070907 180000
  12.5000
  51.3000
  12.5000
  51.3000
1
70.000000
100.000000
 45000
1
1
1
Melp_070907

20070907 180000
20070908 000000
  12.5000
  51.3000
  12.5000
  51.3000
1
70.000000
100.000000
 45000
1
1
1
Melp_070907

20070908 000000
20070908 060000
  12.5000
  51.3000
  12.5000
  51.3000
1
70.000000
100.000000
 45000
1
1
1
Melp_070908

20070908 060000
20070908 120000
  12.5000
  51.3000
  12.5000
  51.3000
1
70.000000
100.000000
 45000
1
1
1
Melp_070908

20070908 120000
20070908 180000
  12.5000
  51.3000
  12.5000
  51.3000
1
70.000000
100.000000
 45000
1
1
1
Melp_070908

20070908 180000
20070909 000000
  12.5000
  51.3000
  12.5000
  51.3000
1
70.000000
100.000000
 45000
1
1
1
Melp_070908

20070909 000000
20070909 060000
  12.5000
  51.3000
  12.5000
  51.3000
1
70.000000
100.000000
 45000
1
1
1
Melp_070909

20070909 060000
20070909 120000
  12.5000
  51.3000
  12.5000
  51.3000
1
70.000000
100.000000
 45000
1
1
1
Melp_070909

20070909 120000
20070909 180000
  12.5000
  51.3000
  12.5000
  51.3000
1
70.000000
100.000000
 45000
1
1
1
Melp_070909

20070909 180000
20070910 000000
  12.5000
  51.3000
  12.5000
  51.3000
1
70.000000
100.000000
 45000
1
1
1
Melp_070909

20070910 000000
20070910 060000
  12.5000
  51.3000
  12.5000
  51.3000
1
70.000000
100.000000
 45000
1
1
1
Melp_070910

20070910 060000
20070910 120000
  12.5000
  51.3000
  12.5000
  51.3000
1
70.000000
100.000000
 45000
1
1
1
Melp_070910

20070910 120000
20070910 180000
  12.5000
  51.3000
  12.5000
  51.3000
1
70.000000
100.000000
 45000
1
1
1
Melp_070910

20070910 180000
20070911 000000
  12.5000
  51.3000
  12.5000
  51.3000
1
70.000000
100.000000
 45000
1
1
1
Melp_070910

20070911 000000
20070911 060000
  12.5000
  51.3000
  12.5000
  51.3000
1
70.000000
100.000000
 45000
1
1
1
Melp_070911

20070911 060000
20070911 120000
  12.5000
  51.3000
  12.5000
  51.3000
1
70.000000
100.000000
 45000
1
1
1
Melp_070911

20070911 120000
20070911 180000
  12.5000
  51.3000
  12.5000
  51.3000
1
70.000000
100.000000
 45000
1
1
1
Melp_070911

20070911 180000
20070912 000000
  12.5000
  51.3000
  12.5000
  51.3000
1
70.000000
100.000000
 45000
1
1
1
Melp_070911

20070912 000000
20070912 060000
  12.5000
  51.3000
  12.5000
  51.3000
1
70.000000
100.000000
 45000
1
1
1
Melp_070912

20070912 060000
20070912 120000
  12.5000
  51.3000
  12.5000
  51.3000
1
70.000000
100.000000
 45000
1
1
1
Melp_070912

20070912 120000
20070912 180000
  12.5000
  51.3000
  12.5000
  51.3000
1
70.000000
100.000000
 45000
1
1
1
Melp_070912

20070912 180000
20070913 000000
  12.5000
  51.3000
  12.5000
  51.3000
1
70.000000
100.000000
 45000
1
1
1
Melp_070912

20070913 000000
20070913 060000
  12.5000
  51.3000
  12.5000
  51.3000
1
70.000000
100.000000
 45000
1
1
1
Melp_070913

20070913 060000
20070913 120000
  12.5000
  51.3000
  12.5000
  51.3000
1
70.000000
100.000000
 45000
1
1
1
Melp_070913

20070913 120000
20070913 180000
  12.5000
  51.3000
  12.5000
  51.3000
1
70.000000
100.000000
 45000
1
1
1
Melp_070913

20070913 180000
20070914 000000
  12.5000
  51.3000
  12.5000
  51.3000
1
70.000000
100.000000
 45000
1
1
1
Melp_070913

20070914 000000
20070914 060000
  12.5000
  51.3000
  12.5000
  51.3000
1
70.000000
100.000000
 45000
1
1
1
Melp_070914

20070914 060000
20070914 120000
  12.5000
  51.3000
  12.5000
  51.3000
1
70.000000
100.000000
 45000
1
1
1
Melp_070914

20070914 120000
20070914 180000
  12.5000
  51.3000
  12.5000
  51.3000
1
70.000000
100.000000
 45000
1
1
1
Melp_070914

20070914 180000
20070915 000000
  12.5000
  51.3000
  12.5000
  51.3000
1
70.000000
100.000000
 45000
1
1
1
Melp_070914

20070915 000000
20070915 060000
  12.5000
  51.3000
  12.5000
  51.3000
1
70.000000
100.000000
 45000
1
1
1
Melp_070915

20070915 060000
20070915 120000
  12.5000
  51.3000
  12.5000
  51.3000
1
70.000000
100.000000
 45000
1
1
1
Melp_070915

20070915 120000
20070915 180000
  12.5000
  51.3000
  12.5000
  51.3000
1
70.000000
100.000000
 45000
1
1
1
Melp_070915

20070915 180000
20070916 000000
  12.5000
  51.3000
  12.5000
  51.3000
1
70.000000
100.000000
 45000
1
1
1
Melp_070915

20070916 000000
20070916 060000
  12.5000
  51.3000
  12.5000
  51.3000
1
70.000000
100.000000
 45000
1
1
1
Melp_070916

20070916 060000
20070916 120000
  12.5000
  51.3000
  12.5000
  51.3000
1
70.000000
100.000000
 45000
1
1
1
Melp_070916

20070916 120000
20070916 180000
  12.5000
  51.3000
  12.5000
  51.3000
1
70.000000
100.000000
 45000
1
1
1
Melp_070916

20070916 180000
20070917 000000
  12.5000
  51.3000
  12.5000
  51.3000
1
70.000000
100.000000
 45000
1
1
1
Melp_070916

20070917 000000
20070917 060000
  12.5000
  51.3000
  12.5000
  51.3000
1
70.000000
100.000000
 45000
1
1
1
Melp_070917

20070917 060000
20070917 120000
  12.5000
  51.3000
  12.5000
  51.3000
1
70.000000
100.000000
 45000
1
1
1
Melp_070917

20070917 120000
20070917 180000
  12.5000
  51.3000
  12.5000
  51.3000
1
70.000000
100.000000
 45000
1
1
1
Melp_070917

20070917 180000
20070918 000000
  12.5000
  51.3000
  12.5000
  51.3000
1
70.000000
100.000000
 45000
1
1
1
Melp_070917

20070918 000000
20070918 060000
  12.5000
  51.3000
  12.5000
  51.3000
1
70.000000
100.000000
 45000
1
1
1
Melp_070918

20070918 060000
20070918 120000
  12.5000
  51.3000
  12.5000
  51.3000
1
70.000000
100.000000
 45000
1
1
1
Melp_070918

20070918 120000
20070918 180000
  12.5000
  51.3000
  12.5000
  51.3000
1
70.000000
100.000000
 45000
1
1
1
Melp_070918

20070918 180000
20070919 000000
  12.5000
  51.3000
  12.5000
  51.3000
1
70.000000
100.000000
 45000
1
1
1
Melp_070918

20070919 000000
20070919 060000
  12.5000
  51.3000
  12.5000
  51.3000
1
70.000000
100.000000
 45000
1
1
1
Melp_070919

20070919 060000
20070919 120000
  12.5000
  51.3000
  12.5000
  51.3000
1
70.000000
100.000000
 45000
1
1
1
Melp_070919

20070919 120000
20070919 180000
  12.5000
  51.3000
  12.5000
  51.3000
1
70.000000
100.000000
 45000
1
1
1
Melp_070919

20070919 180000
20070920 000000
  12.5000
  51.3000
  12.5000
  51.3000
1
70.000000
100.000000
 45000
1
1
1
Melp_070919

20070920 000000
20070920 060000
  12.5000
  51.3000
  12.5000
  51.3000
1
70.000000
100.000000
 45000
1
1
1
Melp_070920

20070920 060000
20070920 120000
  12.5000
  51.3000
  12.5000
  51.3000
1
70.000000
100.000000
 45000
1
1
1
Melp_070920

20070920 120000
20070920 180000
  12.5000
  51.3000
  12.5000
  51.3000
1
70.000000
100.000000
 45000
1
1
1
Melp_070920

20070920 180000
20070921 000000
  12.5000
  51.3000
  12.5000
  51.3000
1
70.000000
100.000000
 45000
1
1
1
Melp_070920

20070921 000000
20070921 060000
  12.5000
  51.3000
  12.5000
  51.3000
1
70.000000
100.000000
 45000
1
1
1
Melp_070921

20070921 060000
20070921 120000
  12.5000
  51.3000
  12.5000
  51.3000
1
70.000000
100.000000
 45000
1
1
1
Melp_070921

20070921 120000
20070921 180000
  12.5000
  51.3000
  12.5000
  51.3000
1
70.000000
100.000000
 45000
1
1
1
Melp_070921

20070921 180000
20070922 000000
  12.5000
  51.3000
  12.5000
  51.3000
1
70.000000
100.000000
 45000
1
1
1
Melp_070921

20070922 000000
20070922 060000
  12.5000
  51.3000
  12.5000
  51.3000
1
70.000000
100.000000
 45000
1
1
1
Melp_070922

20070922 060000
20070922 120000
  12.5000
  51.3000
  12.5000
  51.3000
1
70.000000
100.000000
 45000
1
1
1
Melp_070922

20070922 120000
20070922 180000
  12.5000
  51.3000
  12.5000
  51.3000
1
70.000000
100.000000
 45000
1
1
1
Melp_070922

20070922 180000
20070923 000000
  12.5000
  51.3000
  12.5000
  51.3000
1
70.000000
100.000000
 45000
1
1
1
Melp_070922

20070923 000000
20070923 060000
  12.5000
  51.3000
  12.5000
  51.3000
1
70.000000
100.000000
 45000
1
1
1
Melp_070923

20070923 060000
20070923 120000
  12.5000
  51.3000
  12.5000
  51.3000
1
70.000000
100.000000
 45000
1
1
1
Melp_070923

20070923 120000
20070923 180000
  12.5000
  51.3000
  12.5000
  51.3000
1
70.000000
100.000000
 45000
1
1
1
Melp_070923

20070923 180000
20070924 000000
  12.5000
  51.3000
  12.5000
  51.3000
1
70.000000
100.000000
 45000
1
1
1
Melp_070923

20070924 000000
20070924 060000
  12.5000
  51.3000
  12.5000
  51.3000
1
70.000000
100.000000
 45000
1
1
1
Melp_070924

20070924 060000
20070924 120000
  12.5000
  51.3000
  12.5000
  51.3000
1
70.000000
100.000000
 45000
1
1
1
Melp_070924

20070924 120000
20070924 180000
  12.5000
  51.3000
  12.5000
  51.3000
1
70.000000
100.000000
 45000
1
1
1
Melp_070924

20070924 180000
20070925 000000
  12.5000
  51.3000
  12.5000
  51.3000
1
70.000000
100.000000
 45000
1
1
1
Melp_070924

20070925 000000
20070925 060000
  12.5000
  51.3000
  12.5000
  51.3000
1
70.000000
100.000000
 45000
1
1
1
Melp_070925

20070925 060000
20070925 120000
  12.5000
  51.3000
  12.5000
  51.3000
1
70.000000
100.000000
 45000
1
1
1
Melp_070925

20070925 120000
20070925 180000
  12.5000
  51.3000
  12.5000
  51.3000
1
70.000000
100.000000
 45000
1
1
1
Melp_070925

20070925 180000
20070926 000000
  12.5000
  51.3000
  12.5000
  51.3000
1
70.000000
100.000000
 45000
1
1
1
Melp_070925

20070926 000000
20070926 060000
  12.5000
  51.3000
  12.5000
  51.3000
1
70.000000
100.000000
 45000
1
1
1
Melp_070926

20070926 060000
20070926 120000
  12.5000
  51.3000
  12.5000
  51.3000
1
70.000000
100.000000
 45000
1
1
1
Melp_070926

20070926 120000
20070926 180000
  12.5000
  51.3000
  12.5000
  51.3000
1
70.000000
100.000000
 45000
1
1
1
Melp_070926

20070926 180000
20070927 000000
  12.5000
  51.3000
  12.5000
  51.3000
1
70.000000
100.000000
 45000
1
1
1
Melp_070926

20070927 000000
20070927 060000
  12.5000
  51.3000
  12.5000
  51.3000
1
70.000000
100.000000
 45000
1
1
1
Melp_070927

20070927 060000
20070927 120000
  12.5000
  51.3000
  12.5000
  51.3000
1
70.000000
100.000000
 45000
1
1
1
Melp_070927

20070927 120000
20070927 180000
  12.5000
  51.3000
  12.5000
  51.3000
1
70.000000
100.000000
 45000
1
1
1
Melp_070927

20070927 180000
20070928 000000
  12.5000
  51.3000
  12.5000
  51.3000
1
70.000000
100.000000
 45000
1
1
1
Melp_070927

20070928 000000
20070928 060000
  12.5000
  51.3000
  12.5000
  51.3000
1
70.000000
100.000000
 45000
1
1
1
Melp_070928

20070928 060000
20070928 120000
  12.5000
  51.3000
  12.5000
  51.3000
1
70.000000
100.000000
 45000
1
1
1
Melp_070928

20070928 120000
20070928 180000
  12.5000
  51.3000
  12.5000
  51.3000
1
70.000000
100.000000
 45000
1
1
1
Melp_070928

20070928 180000
20070929 000000
  12.5000
  51.3000
  12.5000
  51.3000
1
70.000000
100.000000
 45000
1
1
1
Melp_070928

20070929 000000
20070929 060000
  12.5000
  51.3000
  12.5000
  51.3000
1
70.000000
100.000000
 45000
1
1
1
Melp_070929

20070929 060000
20070929 120000
  12.5000
  51.3000
  12.5000
  51.3000
1
70.000000
100.000000
 45000
1
1
1
Melp_070929

20070929 120000
20070929 180000
  12.5000
  51.3000
  12.5000
  51.3000
1
70.000000
100.000000
 45000
1
1
1
Melp_070929

20070929 180000
20070930 000000
  12.5000
  51.3000
  12.5000
  51.3000
1
70.000000
100.000000
 45000
1
1
1
Melp_070929

20070930 000000
20070930 060000
  12.5000
  51.3000
  12.5000
  51.3000
1
70.000000
100.000000
 45000
1
1
1
Melp_070930

20070930 060000
20070930 120000
  12.5000
  51.3000
  12.5000
  51.3000
1
70.000000
100.000000
 45000
1
1
1
Melp_070930

20070930 120000
20070930 180000
  12.5000
  51.3000
  12.5000
  51.3000
1
70.000000
100.000000
 45000
1
1
1
Melp_070930

20070930 180000
20071001 000000
  12.5000
  51.3000
  12.5000
  51.3000
1
70.000000
100.000000
 45000
1
1
1
Melp_070930

