+++++++++++++++++ HEADER ++++++++++++++++++++
+++++++++++++++++ HEADER ++++++++++++++++++++
+++++++++++++++++ HEADER ++++++++++++++++++++
+++++++++++++++++ HEADER ++++++++++++++++++++
+++++++++++++++++ HEADER ++++++++++++++++++++
+++++++++++++++++ HEADER ++++++++++++++++++++
+++++++++++++++++ HEADER ++++++++++++++++++++
+++++++++++++++++ HEADER ++++++++++++++++++++
+++++++++++++++++ HEADER ++++++++++++++++++++
+++++++++++++++++ HEADER ++++++++++++++++++++
+++++++++++++++++ HEADER ++++++++++++++++++++
3
 83
 84
 85

20070201 000000
20070201 060000
  11.5000
  78.5000
  11.5000
  78.5000
1
470.000000
490.000000
 45000
1
1
1
Zepp_070201

20070201 060000
20070201 120000
  11.5000
  78.5000
  11.5000
  78.5000
1
470.000000
490.000000
 45000
1
1
1
Zepp_070201

20070201 120000
20070201 180000
  11.5000
  78.5000
  11.5000
  78.5000
1
470.000000
490.000000
 45000
1
1
1
Zepp_070201

20070201 180000
20070202 000000
  11.5000
  78.5000
  11.5000
  78.5000
1
470.000000
490.000000
 45000
1
1
1
Zepp_070201

20070202 000000
20070202 060000
  11.5000
  78.5000
  11.5000
  78.5000
1
470.000000
490.000000
 45000
1
1
1
Zepp_070202

20070202 060000
20070202 120000
  11.5000
  78.5000
  11.5000
  78.5000
1
470.000000
490.000000
 45000
1
1
1
Zepp_070202

20070202 120000
20070202 180000
  11.5000
  78.5000
  11.5000
  78.5000
1
470.000000
490.000000
 45000
1
1
1
Zepp_070202

20070202 180000
20070203 000000
  11.5000
  78.5000
  11.5000
  78.5000
1
470.000000
490.000000
 45000
1
1
1
Zepp_070202

20070203 000000
20070203 060000
  11.5000
  78.5000
  11.5000
  78.5000
1
470.000000
490.000000
 45000
1
1
1
Zepp_070203

20070203 060000
20070203 120000
  11.5000
  78.5000
  11.5000
  78.5000
1
470.000000
490.000000
 45000
1
1
1
Zepp_070203

20070203 120000
20070203 180000
  11.5000
  78.5000
  11.5000
  78.5000
1
470.000000
490.000000
 45000
1
1
1
Zepp_070203

20070203 180000
20070204 000000
  11.5000
  78.5000
  11.5000
  78.5000
1
470.000000
490.000000
 45000
1
1
1
Zepp_070203

20070204 000000
20070204 060000
  11.5000
  78.5000
  11.5000
  78.5000
1
470.000000
490.000000
 45000
1
1
1
Zepp_070204

20070204 060000
20070204 120000
  11.5000
  78.5000
  11.5000
  78.5000
1
470.000000
490.000000
 45000
1
1
1
Zepp_070204

20070204 120000
20070204 180000
  11.5000
  78.5000
  11.5000
  78.5000
1
470.000000
490.000000
 45000
1
1
1
Zepp_070204

20070204 180000
20070205 000000
  11.5000
  78.5000
  11.5000
  78.5000
1
470.000000
490.000000
 45000
1
1
1
Zepp_070204

20070205 000000
20070205 060000
  11.5000
  78.5000
  11.5000
  78.5000
1
470.000000
490.000000
 45000
1
1
1
Zepp_070205

20070205 060000
20070205 120000
  11.5000
  78.5000
  11.5000
  78.5000
1
470.000000
490.000000
 45000
1
1
1
Zepp_070205

20070205 120000
20070205 180000
  11.5000
  78.5000
  11.5000
  78.5000
1
470.000000
490.000000
 45000
1
1
1
Zepp_070205

20070205 180000
20070206 000000
  11.5000
  78.5000
  11.5000
  78.5000
1
470.000000
490.000000
 45000
1
1
1
Zepp_070205

20070206 000000
20070206 060000
  11.5000
  78.5000
  11.5000
  78.5000
1
470.000000
490.000000
 45000
1
1
1
Zepp_070206

20070206 060000
20070206 120000
  11.5000
  78.5000
  11.5000
  78.5000
1
470.000000
490.000000
 45000
1
1
1
Zepp_070206

20070206 120000
20070206 180000
  11.5000
  78.5000
  11.5000
  78.5000
1
470.000000
490.000000
 45000
1
1
1
Zepp_070206

20070206 180000
20070207 000000
  11.5000
  78.5000
  11.5000
  78.5000
1
470.000000
490.000000
 45000
1
1
1
Zepp_070206

20070207 000000
20070207 060000
  11.5000
  78.5000
  11.5000
  78.5000
1
470.000000
490.000000
 45000
1
1
1
Zepp_070207

20070207 060000
20070207 120000
  11.5000
  78.5000
  11.5000
  78.5000
1
470.000000
490.000000
 45000
1
1
1
Zepp_070207

20070207 120000
20070207 180000
  11.5000
  78.5000
  11.5000
  78.5000
1
470.000000
490.000000
 45000
1
1
1
Zepp_070207

20070207 180000
20070208 000000
  11.5000
  78.5000
  11.5000
  78.5000
1
470.000000
490.000000
 45000
1
1
1
Zepp_070207

20070208 000000
20070208 060000
  11.5000
  78.5000
  11.5000
  78.5000
1
470.000000
490.000000
 45000
1
1
1
Zepp_070208

20070208 060000
20070208 120000
  11.5000
  78.5000
  11.5000
  78.5000
1
470.000000
490.000000
 45000
1
1
1
Zepp_070208

20070208 120000
20070208 180000
  11.5000
  78.5000
  11.5000
  78.5000
1
470.000000
490.000000
 45000
1
1
1
Zepp_070208

20070208 180000
20070209 000000
  11.5000
  78.5000
  11.5000
  78.5000
1
470.000000
490.000000
 45000
1
1
1
Zepp_070208

20070209 000000
20070209 060000
  11.5000
  78.5000
  11.5000
  78.5000
1
470.000000
490.000000
 45000
1
1
1
Zepp_070209

20070209 060000
20070209 120000
  11.5000
  78.5000
  11.5000
  78.5000
1
470.000000
490.000000
 45000
1
1
1
Zepp_070209

20070209 120000
20070209 180000
  11.5000
  78.5000
  11.5000
  78.5000
1
470.000000
490.000000
 45000
1
1
1
Zepp_070209

20070209 180000
20070210 000000
  11.5000
  78.5000
  11.5000
  78.5000
1
470.000000
490.000000
 45000
1
1
1
Zepp_070209

20070210 000000
20070210 060000
  11.5000
  78.5000
  11.5000
  78.5000
1
470.000000
490.000000
 45000
1
1
1
Zepp_070210

20070210 060000
20070210 120000
  11.5000
  78.5000
  11.5000
  78.5000
1
470.000000
490.000000
 45000
1
1
1
Zepp_070210

20070210 120000
20070210 180000
  11.5000
  78.5000
  11.5000
  78.5000
1
470.000000
490.000000
 45000
1
1
1
Zepp_070210

20070210 180000
20070211 000000
  11.5000
  78.5000
  11.5000
  78.5000
1
470.000000
490.000000
 45000
1
1
1
Zepp_070210

20070211 000000
20070211 060000
  11.5000
  78.5000
  11.5000
  78.5000
1
470.000000
490.000000
 45000
1
1
1
Zepp_070211

20070211 060000
20070211 120000
  11.5000
  78.5000
  11.5000
  78.5000
1
470.000000
490.000000
 45000
1
1
1
Zepp_070211

20070211 120000
20070211 180000
  11.5000
  78.5000
  11.5000
  78.5000
1
470.000000
490.000000
 45000
1
1
1
Zepp_070211

20070211 180000
20070212 000000
  11.5000
  78.5000
  11.5000
  78.5000
1
470.000000
490.000000
 45000
1
1
1
Zepp_070211

20070212 000000
20070212 060000
  11.5000
  78.5000
  11.5000
  78.5000
1
470.000000
490.000000
 45000
1
1
1
Zepp_070212

20070212 060000
20070212 120000
  11.5000
  78.5000
  11.5000
  78.5000
1
470.000000
490.000000
 45000
1
1
1
Zepp_070212

20070212 120000
20070212 180000
  11.5000
  78.5000
  11.5000
  78.5000
1
470.000000
490.000000
 45000
1
1
1
Zepp_070212

20070212 180000
20070213 000000
  11.5000
  78.5000
  11.5000
  78.5000
1
470.000000
490.000000
 45000
1
1
1
Zepp_070212

20070213 000000
20070213 060000
  11.5000
  78.5000
  11.5000
  78.5000
1
470.000000
490.000000
 45000
1
1
1
Zepp_070213

20070213 060000
20070213 120000
  11.5000
  78.5000
  11.5000
  78.5000
1
470.000000
490.000000
 45000
1
1
1
Zepp_070213

20070213 120000
20070213 180000
  11.5000
  78.5000
  11.5000
  78.5000
1
470.000000
490.000000
 45000
1
1
1
Zepp_070213

20070213 180000
20070214 000000
  11.5000
  78.5000
  11.5000
  78.5000
1
470.000000
490.000000
 45000
1
1
1
Zepp_070213

20070214 000000
20070214 060000
  11.5000
  78.5000
  11.5000
  78.5000
1
470.000000
490.000000
 45000
1
1
1
Zepp_070214

20070214 060000
20070214 120000
  11.5000
  78.5000
  11.5000
  78.5000
1
470.000000
490.000000
 45000
1
1
1
Zepp_070214

20070214 120000
20070214 180000
  11.5000
  78.5000
  11.5000
  78.5000
1
470.000000
490.000000
 45000
1
1
1
Zepp_070214

20070214 180000
20070215 000000
  11.5000
  78.5000
  11.5000
  78.5000
1
470.000000
490.000000
 45000
1
1
1
Zepp_070214

20070215 000000
20070215 060000
  11.5000
  78.5000
  11.5000
  78.5000
1
470.000000
490.000000
 45000
1
1
1
Zepp_070215

20070215 060000
20070215 120000
  11.5000
  78.5000
  11.5000
  78.5000
1
470.000000
490.000000
 45000
1
1
1
Zepp_070215

20070215 120000
20070215 180000
  11.5000
  78.5000
  11.5000
  78.5000
1
470.000000
490.000000
 45000
1
1
1
Zepp_070215

20070215 180000
20070216 000000
  11.5000
  78.5000
  11.5000
  78.5000
1
470.000000
490.000000
 45000
1
1
1
Zepp_070215

20070216 000000
20070216 060000
  11.5000
  78.5000
  11.5000
  78.5000
1
470.000000
490.000000
 45000
1
1
1
Zepp_070216

20070216 060000
20070216 120000
  11.5000
  78.5000
  11.5000
  78.5000
1
470.000000
490.000000
 45000
1
1
1
Zepp_070216

20070216 120000
20070216 180000
  11.5000
  78.5000
  11.5000
  78.5000
1
470.000000
490.000000
 45000
1
1
1
Zepp_070216

20070216 180000
20070217 000000
  11.5000
  78.5000
  11.5000
  78.5000
1
470.000000
490.000000
 45000
1
1
1
Zepp_070216

20070217 000000
20070217 060000
  11.5000
  78.5000
  11.5000
  78.5000
1
470.000000
490.000000
 45000
1
1
1
Zepp_070217

20070217 060000
20070217 120000
  11.5000
  78.5000
  11.5000
  78.5000
1
470.000000
490.000000
 45000
1
1
1
Zepp_070217

20070217 120000
20070217 180000
  11.5000
  78.5000
  11.5000
  78.5000
1
470.000000
490.000000
 45000
1
1
1
Zepp_070217

20070217 180000
20070218 000000
  11.5000
  78.5000
  11.5000
  78.5000
1
470.000000
490.000000
 45000
1
1
1
Zepp_070217

20070218 000000
20070218 060000
  11.5000
  78.5000
  11.5000
  78.5000
1
470.000000
490.000000
 45000
1
1
1
Zepp_070218

20070218 060000
20070218 120000
  11.5000
  78.5000
  11.5000
  78.5000
1
470.000000
490.000000
 45000
1
1
1
Zepp_070218

20070218 120000
20070218 180000
  11.5000
  78.5000
  11.5000
  78.5000
1
470.000000
490.000000
 45000
1
1
1
Zepp_070218

20070218 180000
20070219 000000
  11.5000
  78.5000
  11.5000
  78.5000
1
470.000000
490.000000
 45000
1
1
1
Zepp_070218

20070219 000000
20070219 060000
  11.5000
  78.5000
  11.5000
  78.5000
1
470.000000
490.000000
 45000
1
1
1
Zepp_070219

20070219 060000
20070219 120000
  11.5000
  78.5000
  11.5000
  78.5000
1
470.000000
490.000000
 45000
1
1
1
Zepp_070219

20070219 120000
20070219 180000
  11.5000
  78.5000
  11.5000
  78.5000
1
470.000000
490.000000
 45000
1
1
1
Zepp_070219

20070219 180000
20070220 000000
  11.5000
  78.5000
  11.5000
  78.5000
1
470.000000
490.000000
 45000
1
1
1
Zepp_070219

20070220 000000
20070220 060000
  11.5000
  78.5000
  11.5000
  78.5000
1
470.000000
490.000000
 45000
1
1
1
Zepp_070220

20070220 060000
20070220 120000
  11.5000
  78.5000
  11.5000
  78.5000
1
470.000000
490.000000
 45000
1
1
1
Zepp_070220

20070220 120000
20070220 180000
  11.5000
  78.5000
  11.5000
  78.5000
1
470.000000
490.000000
 45000
1
1
1
Zepp_070220

20070220 180000
20070221 000000
  11.5000
  78.5000
  11.5000
  78.5000
1
470.000000
490.000000
 45000
1
1
1
Zepp_070220

20070221 000000
20070221 060000
  11.5000
  78.5000
  11.5000
  78.5000
1
470.000000
490.000000
 45000
1
1
1
Zepp_070221

20070221 060000
20070221 120000
  11.5000
  78.5000
  11.5000
  78.5000
1
470.000000
490.000000
 45000
1
1
1
Zepp_070221

20070221 120000
20070221 180000
  11.5000
  78.5000
  11.5000
  78.5000
1
470.000000
490.000000
 45000
1
1
1
Zepp_070221

20070221 180000
20070222 000000
  11.5000
  78.5000
  11.5000
  78.5000
1
470.000000
490.000000
 45000
1
1
1
Zepp_070221

20070222 000000
20070222 060000
  11.5000
  78.5000
  11.5000
  78.5000
1
470.000000
490.000000
 45000
1
1
1
Zepp_070222

20070222 060000
20070222 120000
  11.5000
  78.5000
  11.5000
  78.5000
1
470.000000
490.000000
 45000
1
1
1
Zepp_070222

20070222 120000
20070222 180000
  11.5000
  78.5000
  11.5000
  78.5000
1
470.000000
490.000000
 45000
1
1
1
Zepp_070222

20070222 180000
20070223 000000
  11.5000
  78.5000
  11.5000
  78.5000
1
470.000000
490.000000
 45000
1
1
1
Zepp_070222

20070223 000000
20070223 060000
  11.5000
  78.5000
  11.5000
  78.5000
1
470.000000
490.000000
 45000
1
1
1
Zepp_070223

20070223 060000
20070223 120000
  11.5000
  78.5000
  11.5000
  78.5000
1
470.000000
490.000000
 45000
1
1
1
Zepp_070223

20070223 120000
20070223 180000
  11.5000
  78.5000
  11.5000
  78.5000
1
470.000000
490.000000
 45000
1
1
1
Zepp_070223

20070223 180000
20070224 000000
  11.5000
  78.5000
  11.5000
  78.5000
1
470.000000
490.000000
 45000
1
1
1
Zepp_070223

20070224 000000
20070224 060000
  11.5000
  78.5000
  11.5000
  78.5000
1
470.000000
490.000000
 45000
1
1
1
Zepp_070224

20070224 060000
20070224 120000
  11.5000
  78.5000
  11.5000
  78.5000
1
470.000000
490.000000
 45000
1
1
1
Zepp_070224

20070224 120000
20070224 180000
  11.5000
  78.5000
  11.5000
  78.5000
1
470.000000
490.000000
 45000
1
1
1
Zepp_070224

20070224 180000
20070225 000000
  11.5000
  78.5000
  11.5000
  78.5000
1
470.000000
490.000000
 45000
1
1
1
Zepp_070224

20070225 000000
20070225 060000
  11.5000
  78.5000
  11.5000
  78.5000
1
470.000000
490.000000
 45000
1
1
1
Zepp_070225

20070225 060000
20070225 120000
  11.5000
  78.5000
  11.5000
  78.5000
1
470.000000
490.000000
 45000
1
1
1
Zepp_070225

20070225 120000
20070225 180000
  11.5000
  78.5000
  11.5000
  78.5000
1
470.000000
490.000000
 45000
1
1
1
Zepp_070225

20070225 180000
20070226 000000
  11.5000
  78.5000
  11.5000
  78.5000
1
470.000000
490.000000
 45000
1
1
1
Zepp_070225

20070226 000000
20070226 060000
  11.5000
  78.5000
  11.5000
  78.5000
1
470.000000
490.000000
 45000
1
1
1
Zepp_070226

20070226 060000
20070226 120000
  11.5000
  78.5000
  11.5000
  78.5000
1
470.000000
490.000000
 45000
1
1
1
Zepp_070226

20070226 120000
20070226 180000
  11.5000
  78.5000
  11.5000
  78.5000
1
470.000000
490.000000
 45000
1
1
1
Zepp_070226

20070226 180000
20070227 000000
  11.5000
  78.5000
  11.5000
  78.5000
1
470.000000
490.000000
 45000
1
1
1
Zepp_070226

20070227 000000
20070227 060000
  11.5000
  78.5000
  11.5000
  78.5000
1
470.000000
490.000000
 45000
1
1
1
Zepp_070227

20070227 060000
20070227 120000
  11.5000
  78.5000
  11.5000
  78.5000
1
470.000000
490.000000
 45000
1
1
1
Zepp_070227

20070227 120000
20070227 180000
  11.5000
  78.5000
  11.5000
  78.5000
1
470.000000
490.000000
 45000
1
1
1
Zepp_070227

20070227 180000
20070228 000000
  11.5000
  78.5000
  11.5000
  78.5000
1
470.000000
490.000000
 45000
1
1
1
Zepp_070227

20070228 000000
20070228 060000
  11.5000
  78.5000
  11.5000
  78.5000
1
470.000000
490.000000
 45000
1
1
1
Zepp_070228

20070228 060000
20070228 120000
  11.5000
  78.5000
  11.5000
  78.5000
1
470.000000
490.000000
 45000
1
1
1
Zepp_070228

20070228 120000
20070228 180000
  11.5000
  78.5000
  11.5000
  78.5000
1
470.000000
490.000000
 45000
1
1
1
Zepp_070228

20070228 180000
20070301 000000
  11.5000
  78.5000
  11.5000
  78.5000
1
470.000000
490.000000
 45000
1
1
1
Zepp_070228

