+++++++++++++++++ HEADER ++++++++++++++++++++
+++++++++++++++++ HEADER ++++++++++++++++++++
+++++++++++++++++ HEADER ++++++++++++++++++++
+++++++++++++++++ HEADER ++++++++++++++++++++
+++++++++++++++++ HEADER ++++++++++++++++++++
+++++++++++++++++ HEADER ++++++++++++++++++++
+++++++++++++++++ HEADER ++++++++++++++++++++
+++++++++++++++++ HEADER ++++++++++++++++++++
+++++++++++++++++ HEADER ++++++++++++++++++++
+++++++++++++++++ HEADER ++++++++++++++++++++
+++++++++++++++++ HEADER ++++++++++++++++++++
3
 83
 84
 85

20070301 000000
20070301 060000
  12.5000
  51.3000
  12.5000
  51.3000
1
70.000000
100.000000
 45000
1
1
1
Melp_070301

20070301 060000
20070301 120000
  12.5000
  51.3000
  12.5000
  51.3000
1
70.000000
100.000000
 45000
1
1
1
Melp_070301

20070301 120000
20070301 180000
  12.5000
  51.3000
  12.5000
  51.3000
1
70.000000
100.000000
 45000
1
1
1
Melp_070301

20070301 180000
20070302 000000
  12.5000
  51.3000
  12.5000
  51.3000
1
70.000000
100.000000
 45000
1
1
1
Melp_070301

20070302 000000
20070302 060000
  12.5000
  51.3000
  12.5000
  51.3000
1
70.000000
100.000000
 45000
1
1
1
Melp_070302

20070302 060000
20070302 120000
  12.5000
  51.3000
  12.5000
  51.3000
1
70.000000
100.000000
 45000
1
1
1
Melp_070302

20070302 120000
20070302 180000
  12.5000
  51.3000
  12.5000
  51.3000
1
70.000000
100.000000
 45000
1
1
1
Melp_070302

20070302 180000
20070303 000000
  12.5000
  51.3000
  12.5000
  51.3000
1
70.000000
100.000000
 45000
1
1
1
Melp_070302

20070303 000000
20070303 060000
  12.5000
  51.3000
  12.5000
  51.3000
1
70.000000
100.000000
 45000
1
1
1
Melp_070303

20070303 060000
20070303 120000
  12.5000
  51.3000
  12.5000
  51.3000
1
70.000000
100.000000
 45000
1
1
1
Melp_070303

20070303 120000
20070303 180000
  12.5000
  51.3000
  12.5000
  51.3000
1
70.000000
100.000000
 45000
1
1
1
Melp_070303

20070303 180000
20070304 000000
  12.5000
  51.3000
  12.5000
  51.3000
1
70.000000
100.000000
 45000
1
1
1
Melp_070303

20070304 000000
20070304 060000
  12.5000
  51.3000
  12.5000
  51.3000
1
70.000000
100.000000
 45000
1
1
1
Melp_070304

20070304 060000
20070304 120000
  12.5000
  51.3000
  12.5000
  51.3000
1
70.000000
100.000000
 45000
1
1
1
Melp_070304

20070304 120000
20070304 180000
  12.5000
  51.3000
  12.5000
  51.3000
1
70.000000
100.000000
 45000
1
1
1
Melp_070304

20070304 180000
20070305 000000
  12.5000
  51.3000
  12.5000
  51.3000
1
70.000000
100.000000
 45000
1
1
1
Melp_070304

20070305 000000
20070305 060000
  12.5000
  51.3000
  12.5000
  51.3000
1
70.000000
100.000000
 45000
1
1
1
Melp_070305

20070305 060000
20070305 120000
  12.5000
  51.3000
  12.5000
  51.3000
1
70.000000
100.000000
 45000
1
1
1
Melp_070305

20070305 120000
20070305 180000
  12.5000
  51.3000
  12.5000
  51.3000
1
70.000000
100.000000
 45000
1
1
1
Melp_070305

20070305 180000
20070306 000000
  12.5000
  51.3000
  12.5000
  51.3000
1
70.000000
100.000000
 45000
1
1
1
Melp_070305

20070306 000000
20070306 060000
  12.5000
  51.3000
  12.5000
  51.3000
1
70.000000
100.000000
 45000
1
1
1
Melp_070306

20070306 060000
20070306 120000
  12.5000
  51.3000
  12.5000
  51.3000
1
70.000000
100.000000
 45000
1
1
1
Melp_070306

20070306 120000
20070306 180000
  12.5000
  51.3000
  12.5000
  51.3000
1
70.000000
100.000000
 45000
1
1
1
Melp_070306

20070306 180000
20070307 000000
  12.5000
  51.3000
  12.5000
  51.3000
1
70.000000
100.000000
 45000
1
1
1
Melp_070306

20070307 000000
20070307 060000
  12.5000
  51.3000
  12.5000
  51.3000
1
70.000000
100.000000
 45000
1
1
1
Melp_070307

20070307 060000
20070307 120000
  12.5000
  51.3000
  12.5000
  51.3000
1
70.000000
100.000000
 45000
1
1
1
Melp_070307

20070307 120000
20070307 180000
  12.5000
  51.3000
  12.5000
  51.3000
1
70.000000
100.000000
 45000
1
1
1
Melp_070307

20070307 180000
20070308 000000
  12.5000
  51.3000
  12.5000
  51.3000
1
70.000000
100.000000
 45000
1
1
1
Melp_070307

20070308 000000
20070308 060000
  12.5000
  51.3000
  12.5000
  51.3000
1
70.000000
100.000000
 45000
1
1
1
Melp_070308

20070308 060000
20070308 120000
  12.5000
  51.3000
  12.5000
  51.3000
1
70.000000
100.000000
 45000
1
1
1
Melp_070308

20070308 120000
20070308 180000
  12.5000
  51.3000
  12.5000
  51.3000
1
70.000000
100.000000
 45000
1
1
1
Melp_070308

20070329 060000
20070329 120000
  12.5000
  51.3000
  12.5000
  51.3000
1
70.000000
100.000000
 45000
1
1
1
Melp_070329

20070329 120000
20070329 180000
  12.5000
  51.3000
  12.5000
  51.3000
1
70.000000
100.000000
 45000
1
1
1
Melp_070329

20070329 180000
20070330 000000
  12.5000
  51.3000
  12.5000
  51.3000
1
70.000000
100.000000
 45000
1
1
1
Melp_070329

20070330 000000
20070330 060000
  12.5000
  51.3000
  12.5000
  51.3000
1
70.000000
100.000000
 45000
1
1
1
Melp_070330

20070330 060000
20070330 120000
  12.5000
  51.3000
  12.5000
  51.3000
1
70.000000
100.000000
 45000
1
1
1
Melp_070330

20070330 120000
20070330 180000
  12.5000
  51.3000
  12.5000
  51.3000
1
70.000000
100.000000
 45000
1
1
1
Melp_070330

20070330 180000
20070331 000000
  12.5000
  51.3000
  12.5000
  51.3000
1
70.000000
100.000000
 45000
1
1
1
Melp_070330

20070331 000000
20070331 060000
  12.5000
  51.3000
  12.5000
  51.3000
1
70.000000
100.000000
 45000
1
1
1
Melp_070331

20070331 060000
20070331 120000
  12.5000
  51.3000
  12.5000
  51.3000
1
70.000000
100.000000
 45000
1
1
1
Melp_070331

20070331 120000
20070331 180000
  12.5000
  51.3000
  12.5000
  51.3000
1
70.000000
100.000000
 45000
1
1
1
Melp_070331

20070331 180000
20070401 000000
  12.5000
  51.3000
  12.5000
  51.3000
1
70.000000
100.000000
 45000
1
1
1
Melp_070331

