+++++++++++++++++ HEADER ++++++++++++++++++++
+++++++++++++++++ HEADER ++++++++++++++++++++
+++++++++++++++++ HEADER ++++++++++++++++++++
+++++++++++++++++ HEADER ++++++++++++++++++++
+++++++++++++++++ HEADER ++++++++++++++++++++
+++++++++++++++++ HEADER ++++++++++++++++++++
+++++++++++++++++ HEADER ++++++++++++++++++++
+++++++++++++++++ HEADER ++++++++++++++++++++
+++++++++++++++++ HEADER ++++++++++++++++++++
+++++++++++++++++ HEADER ++++++++++++++++++++
+++++++++++++++++ HEADER ++++++++++++++++++++
3
 83
 84
 85

20070601 000000
20070601 060000
  -9.5000
  53.2000
  -9.5000
  53.2000
1
10.000000
20.000000
 45000
1
1
1
Mace_070601

20070601 060000
20070601 120000
  -9.5000
  53.2000
  -9.5000
  53.2000
1
10.000000
20.000000
 45000
1
1
1
Mace_070601

20070601 120000
20070601 180000
  -9.5000
  53.2000
  -9.5000
  53.2000
1
10.000000
20.000000
 45000
1
1
1
Mace_070601

20070601 180000
20070602 000000
  -9.5000
  53.2000
  -9.5000
  53.2000
1
10.000000
20.000000
 45000
1
1
1
Mace_070601

20070602 000000
20070602 060000
  -9.5000
  53.2000
  -9.5000
  53.2000
1
10.000000
20.000000
 45000
1
1
1
Mace_070602

20070602 060000
20070602 120000
  -9.5000
  53.2000
  -9.5000
  53.2000
1
10.000000
20.000000
 45000
1
1
1
Mace_070602

20070602 120000
20070602 180000
  -9.5000
  53.2000
  -9.5000
  53.2000
1
10.000000
20.000000
 45000
1
1
1
Mace_070602

20070602 180000
20070603 000000
  -9.5000
  53.2000
  -9.5000
  53.2000
1
10.000000
20.000000
 45000
1
1
1
Mace_070602

20070603 000000
20070603 060000
  -9.5000
  53.2000
  -9.5000
  53.2000
1
10.000000
20.000000
 45000
1
1
1
Mace_070603

20070603 060000
20070603 120000
  -9.5000
  53.2000
  -9.5000
  53.2000
1
10.000000
20.000000
 45000
1
1
1
Mace_070603

20070603 120000
20070603 180000
  -9.5000
  53.2000
  -9.5000
  53.2000
1
10.000000
20.000000
 45000
1
1
1
Mace_070603

20070603 180000
20070604 000000
  -9.5000
  53.2000
  -9.5000
  53.2000
1
10.000000
20.000000
 45000
1
1
1
Mace_070603

20070604 000000
20070604 060000
  -9.5000
  53.2000
  -9.5000
  53.2000
1
10.000000
20.000000
 45000
1
1
1
Mace_070604

20070604 060000
20070604 120000
  -9.5000
  53.2000
  -9.5000
  53.2000
1
10.000000
20.000000
 45000
1
1
1
Mace_070604

20070604 120000
20070604 180000
  -9.5000
  53.2000
  -9.5000
  53.2000
1
10.000000
20.000000
 45000
1
1
1
Mace_070604

20070604 180000
20070605 000000
  -9.5000
  53.2000
  -9.5000
  53.2000
1
10.000000
20.000000
 45000
1
1
1
Mace_070604

20070605 000000
20070605 060000
  -9.5000
  53.2000
  -9.5000
  53.2000
1
10.000000
20.000000
 45000
1
1
1
Mace_070605

20070605 060000
20070605 120000
  -9.5000
  53.2000
  -9.5000
  53.2000
1
10.000000
20.000000
 45000
1
1
1
Mace_070605

20070605 120000
20070605 180000
  -9.5000
  53.2000
  -9.5000
  53.2000
1
10.000000
20.000000
 45000
1
1
1
Mace_070605

20070605 180000
20070606 000000
  -9.5000
  53.2000
  -9.5000
  53.2000
1
10.000000
20.000000
 45000
1
1
1
Mace_070605

20070606 000000
20070606 060000
  -9.5000
  53.2000
  -9.5000
  53.2000
1
10.000000
20.000000
 45000
1
1
1
Mace_070606

20070606 060000
20070606 120000
  -9.5000
  53.2000
  -9.5000
  53.2000
1
10.000000
20.000000
 45000
1
1
1
Mace_070606

20070606 120000
20070606 180000
  -9.5000
  53.2000
  -9.5000
  53.2000
1
10.000000
20.000000
 45000
1
1
1
Mace_070606

20070606 180000
20070607 000000
  -9.5000
  53.2000
  -9.5000
  53.2000
1
10.000000
20.000000
 45000
1
1
1
Mace_070606

20070607 000000
20070607 060000
  -9.5000
  53.2000
  -9.5000
  53.2000
1
10.000000
20.000000
 45000
1
1
1
Mace_070607

20070607 060000
20070607 120000
  -9.5000
  53.2000
  -9.5000
  53.2000
1
10.000000
20.000000
 45000
1
1
1
Mace_070607

20070607 120000
20070607 180000
  -9.5000
  53.2000
  -9.5000
  53.2000
1
10.000000
20.000000
 45000
1
1
1
Mace_070607

20070607 180000
20070608 000000
  -9.5000
  53.2000
  -9.5000
  53.2000
1
10.000000
20.000000
 45000
1
1
1
Mace_070607

20070608 000000
20070608 060000
  -9.5000
  53.2000
  -9.5000
  53.2000
1
10.000000
20.000000
 45000
1
1
1
Mace_070608

20070608 060000
20070608 120000
  -9.5000
  53.2000
  -9.5000
  53.2000
1
10.000000
20.000000
 45000
1
1
1
Mace_070608

20070608 120000
20070608 180000
  -9.5000
  53.2000
  -9.5000
  53.2000
1
10.000000
20.000000
 45000
1
1
1
Mace_070608

20070608 180000
20070609 000000
  -9.5000
  53.2000
  -9.5000
  53.2000
1
10.000000
20.000000
 45000
1
1
1
Mace_070608

20070609 000000
20070609 060000
  -9.5000
  53.2000
  -9.5000
  53.2000
1
10.000000
20.000000
 45000
1
1
1
Mace_070609

20070609 060000
20070609 120000
  -9.5000
  53.2000
  -9.5000
  53.2000
1
10.000000
20.000000
 45000
1
1
1
Mace_070609

20070609 120000
20070609 180000
  -9.5000
  53.2000
  -9.5000
  53.2000
1
10.000000
20.000000
 45000
1
1
1
Mace_070609

20070609 180000
20070610 000000
  -9.5000
  53.2000
  -9.5000
  53.2000
1
10.000000
20.000000
 45000
1
1
1
Mace_070609

20070610 000000
20070610 060000
  -9.5000
  53.2000
  -9.5000
  53.2000
1
10.000000
20.000000
 45000
1
1
1
Mace_070610

20070610 060000
20070610 120000
  -9.5000
  53.2000
  -9.5000
  53.2000
1
10.000000
20.000000
 45000
1
1
1
Mace_070610

20070610 120000
20070610 180000
  -9.5000
  53.2000
  -9.5000
  53.2000
1
10.000000
20.000000
 45000
1
1
1
Mace_070610

20070610 180000
20070611 000000
  -9.5000
  53.2000
  -9.5000
  53.2000
1
10.000000
20.000000
 45000
1
1
1
Mace_070610

20070611 000000
20070611 060000
  -9.5000
  53.2000
  -9.5000
  53.2000
1
10.000000
20.000000
 45000
1
1
1
Mace_070611

20070611 060000
20070611 120000
  -9.5000
  53.2000
  -9.5000
  53.2000
1
10.000000
20.000000
 45000
1
1
1
Mace_070611

20070611 120000
20070611 180000
  -9.5000
  53.2000
  -9.5000
  53.2000
1
10.000000
20.000000
 45000
1
1
1
Mace_070611

20070611 180000
20070612 000000
  -9.5000
  53.2000
  -9.5000
  53.2000
1
10.000000
20.000000
 45000
1
1
1
Mace_070611

20070612 000000
20070612 060000
  -9.5000
  53.2000
  -9.5000
  53.2000
1
10.000000
20.000000
 45000
1
1
1
Mace_070612

20070612 060000
20070612 120000
  -9.5000
  53.2000
  -9.5000
  53.2000
1
10.000000
20.000000
 45000
1
1
1
Mace_070612

20070612 120000
20070612 180000
  -9.5000
  53.2000
  -9.5000
  53.2000
1
10.000000
20.000000
 45000
1
1
1
Mace_070612

20070612 180000
20070613 000000
  -9.5000
  53.2000
  -9.5000
  53.2000
1
10.000000
20.000000
 45000
1
1
1
Mace_070612

20070613 000000
20070613 060000
  -9.5000
  53.2000
  -9.5000
  53.2000
1
10.000000
20.000000
 45000
1
1
1
Mace_070613

20070613 060000
20070613 120000
  -9.5000
  53.2000
  -9.5000
  53.2000
1
10.000000
20.000000
 45000
1
1
1
Mace_070613

20070613 120000
20070613 180000
  -9.5000
  53.2000
  -9.5000
  53.2000
1
10.000000
20.000000
 45000
1
1
1
Mace_070613

20070613 180000
20070614 000000
  -9.5000
  53.2000
  -9.5000
  53.2000
1
10.000000
20.000000
 45000
1
1
1
Mace_070613

20070614 000000
20070614 060000
  -9.5000
  53.2000
  -9.5000
  53.2000
1
10.000000
20.000000
 45000
1
1
1
Mace_070614

20070614 060000
20070614 120000
  -9.5000
  53.2000
  -9.5000
  53.2000
1
10.000000
20.000000
 45000
1
1
1
Mace_070614

20070614 120000
20070614 180000
  -9.5000
  53.2000
  -9.5000
  53.2000
1
10.000000
20.000000
 45000
1
1
1
Mace_070614

20070614 180000
20070615 000000
  -9.5000
  53.2000
  -9.5000
  53.2000
1
10.000000
20.000000
 45000
1
1
1
Mace_070614

20070615 000000
20070615 060000
  -9.5000
  53.2000
  -9.5000
  53.2000
1
10.000000
20.000000
 45000
1
1
1
Mace_070615

20070615 060000
20070615 120000
  -9.5000
  53.2000
  -9.5000
  53.2000
1
10.000000
20.000000
 45000
1
1
1
Mace_070615

20070615 120000
20070615 180000
  -9.5000
  53.2000
  -9.5000
  53.2000
1
10.000000
20.000000
 45000
1
1
1
Mace_070615

20070615 180000
20070616 000000
  -9.5000
  53.2000
  -9.5000
  53.2000
1
10.000000
20.000000
 45000
1
1
1
Mace_070615

20070616 000000
20070616 060000
  -9.5000
  53.2000
  -9.5000
  53.2000
1
10.000000
20.000000
 45000
1
1
1
Mace_070616

20070616 060000
20070616 120000
  -9.5000
  53.2000
  -9.5000
  53.2000
1
10.000000
20.000000
 45000
1
1
1
Mace_070616

20070616 120000
20070616 180000
  -9.5000
  53.2000
  -9.5000
  53.2000
1
10.000000
20.000000
 45000
1
1
1
Mace_070616

20070616 180000
20070617 000000
  -9.5000
  53.2000
  -9.5000
  53.2000
1
10.000000
20.000000
 45000
1
1
1
Mace_070616

20070617 000000
20070617 060000
  -9.5000
  53.2000
  -9.5000
  53.2000
1
10.000000
20.000000
 45000
1
1
1
Mace_070617

20070617 060000
20070617 120000
  -9.5000
  53.2000
  -9.5000
  53.2000
1
10.000000
20.000000
 45000
1
1
1
Mace_070617

20070617 120000
20070617 180000
  -9.5000
  53.2000
  -9.5000
  53.2000
1
10.000000
20.000000
 45000
1
1
1
Mace_070617

20070617 180000
20070618 000000
  -9.5000
  53.2000
  -9.5000
  53.2000
1
10.000000
20.000000
 45000
1
1
1
Mace_070617

20070618 000000
20070618 060000
  -9.5000
  53.2000
  -9.5000
  53.2000
1
10.000000
20.000000
 45000
1
1
1
Mace_070618

20070618 060000
20070618 120000
  -9.5000
  53.2000
  -9.5000
  53.2000
1
10.000000
20.000000
 45000
1
1
1
Mace_070618

20070618 120000
20070618 180000
  -9.5000
  53.2000
  -9.5000
  53.2000
1
10.000000
20.000000
 45000
1
1
1
Mace_070618

20070618 180000
20070619 000000
  -9.5000
  53.2000
  -9.5000
  53.2000
1
10.000000
20.000000
 45000
1
1
1
Mace_070618

20070619 000000
20070619 060000
  -9.5000
  53.2000
  -9.5000
  53.2000
1
10.000000
20.000000
 45000
1
1
1
Mace_070619

20070619 060000
20070619 120000
  -9.5000
  53.2000
  -9.5000
  53.2000
1
10.000000
20.000000
 45000
1
1
1
Mace_070619

20070619 120000
20070619 180000
  -9.5000
  53.2000
  -9.5000
  53.2000
1
10.000000
20.000000
 45000
1
1
1
Mace_070619

20070619 180000
20070620 000000
  -9.5000
  53.2000
  -9.5000
  53.2000
1
10.000000
20.000000
 45000
1
1
1
Mace_070619

20070620 000000
20070620 060000
  -9.5000
  53.2000
  -9.5000
  53.2000
1
10.000000
20.000000
 45000
1
1
1
Mace_070620

20070620 060000
20070620 120000
  -9.5000
  53.2000
  -9.5000
  53.2000
1
10.000000
20.000000
 45000
1
1
1
Mace_070620

20070620 120000
20070620 180000
  -9.5000
  53.2000
  -9.5000
  53.2000
1
10.000000
20.000000
 45000
1
1
1
Mace_070620

20070620 180000
20070621 000000
  -9.5000
  53.2000
  -9.5000
  53.2000
1
10.000000
20.000000
 45000
1
1
1
Mace_070620

20070621 000000
20070621 060000
  -9.5000
  53.2000
  -9.5000
  53.2000
1
10.000000
20.000000
 45000
1
1
1
Mace_070621

20070621 060000
20070621 120000
  -9.5000
  53.2000
  -9.5000
  53.2000
1
10.000000
20.000000
 45000
1
1
1
Mace_070621

20070621 120000
20070621 180000
  -9.5000
  53.2000
  -9.5000
  53.2000
1
10.000000
20.000000
 45000
1
1
1
Mace_070621

20070621 180000
20070622 000000
  -9.5000
  53.2000
  -9.5000
  53.2000
1
10.000000
20.000000
 45000
1
1
1
Mace_070621

20070622 000000
20070622 060000
  -9.5000
  53.2000
  -9.5000
  53.2000
1
10.000000
20.000000
 45000
1
1
1
Mace_070622

20070622 060000
20070622 120000
  -9.5000
  53.2000
  -9.5000
  53.2000
1
10.000000
20.000000
 45000
1
1
1
Mace_070622

20070622 120000
20070622 180000
  -9.5000
  53.2000
  -9.5000
  53.2000
1
10.000000
20.000000
 45000
1
1
1
Mace_070622

20070622 180000
20070623 000000
  -9.5000
  53.2000
  -9.5000
  53.2000
1
10.000000
20.000000
 45000
1
1
1
Mace_070622

20070623 000000
20070623 060000
  -9.5000
  53.2000
  -9.5000
  53.2000
1
10.000000
20.000000
 45000
1
1
1
Mace_070623

20070623 060000
20070623 120000
  -9.5000
  53.2000
  -9.5000
  53.2000
1
10.000000
20.000000
 45000
1
1
1
Mace_070623

20070623 120000
20070623 180000
  -9.5000
  53.2000
  -9.5000
  53.2000
1
10.000000
20.000000
 45000
1
1
1
Mace_070623

20070623 180000
20070624 000000
  -9.5000
  53.2000
  -9.5000
  53.2000
1
10.000000
20.000000
 45000
1
1
1
Mace_070623

20070624 000000
20070624 060000
  -9.5000
  53.2000
  -9.5000
  53.2000
1
10.000000
20.000000
 45000
1
1
1
Mace_070624

20070624 060000
20070624 120000
  -9.5000
  53.2000
  -9.5000
  53.2000
1
10.000000
20.000000
 45000
1
1
1
Mace_070624

20070624 120000
20070624 180000
  -9.5000
  53.2000
  -9.5000
  53.2000
1
10.000000
20.000000
 45000
1
1
1
Mace_070624

20070624 180000
20070625 000000
  -9.5000
  53.2000
  -9.5000
  53.2000
1
10.000000
20.000000
 45000
1
1
1
Mace_070624

20070625 000000
20070625 060000
  -9.5000
  53.2000
  -9.5000
  53.2000
1
10.000000
20.000000
 45000
1
1
1
Mace_070625

20070625 060000
20070625 120000
  -9.5000
  53.2000
  -9.5000
  53.2000
1
10.000000
20.000000
 45000
1
1
1
Mace_070625

20070625 120000
20070625 180000
  -9.5000
  53.2000
  -9.5000
  53.2000
1
10.000000
20.000000
 45000
1
1
1
Mace_070625

20070625 180000
20070626 000000
  -9.5000
  53.2000
  -9.5000
  53.2000
1
10.000000
20.000000
 45000
1
1
1
Mace_070625

20070626 000000
20070626 060000
  -9.5000
  53.2000
  -9.5000
  53.2000
1
10.000000
20.000000
 45000
1
1
1
Mace_070626

20070626 060000
20070626 120000
  -9.5000
  53.2000
  -9.5000
  53.2000
1
10.000000
20.000000
 45000
1
1
1
Mace_070626

20070626 120000
20070626 180000
  -9.5000
  53.2000
  -9.5000
  53.2000
1
10.000000
20.000000
 45000
1
1
1
Mace_070626

20070626 180000
20070627 000000
  -9.5000
  53.2000
  -9.5000
  53.2000
1
10.000000
20.000000
 45000
1
1
1
Mace_070626

20070627 000000
20070627 060000
  -9.5000
  53.2000
  -9.5000
  53.2000
1
10.000000
20.000000
 45000
1
1
1
Mace_070627

20070627 060000
20070627 120000
  -9.5000
  53.2000
  -9.5000
  53.2000
1
10.000000
20.000000
 45000
1
1
1
Mace_070627

20070627 120000
20070627 180000
  -9.5000
  53.2000
  -9.5000
  53.2000
1
10.000000
20.000000
 45000
1
1
1
Mace_070627

20070627 180000
20070628 000000
  -9.5000
  53.2000
  -9.5000
  53.2000
1
10.000000
20.000000
 45000
1
1
1
Mace_070627

20070628 000000
20070628 060000
  -9.5000
  53.2000
  -9.5000
  53.2000
1
10.000000
20.000000
 45000
1
1
1
Mace_070628

20070628 060000
20070628 120000
  -9.5000
  53.2000
  -9.5000
  53.2000
1
10.000000
20.000000
 45000
1
1
1
Mace_070628

20070628 120000
20070628 180000
  -9.5000
  53.2000
  -9.5000
  53.2000
1
10.000000
20.000000
 45000
1
1
1
Mace_070628

20070628 180000
20070629 000000
  -9.5000
  53.2000
  -9.5000
  53.2000
1
10.000000
20.000000
 45000
1
1
1
Mace_070628

20070629 000000
20070629 060000
  -9.5000
  53.2000
  -9.5000
  53.2000
1
10.000000
20.000000
 45000
1
1
1
Mace_070629

20070629 060000
20070629 120000
  -9.5000
  53.2000
  -9.5000
  53.2000
1
10.000000
20.000000
 45000
1
1
1
Mace_070629

20070629 120000
20070629 180000
  -9.5000
  53.2000
  -9.5000
  53.2000
1
10.000000
20.000000
 45000
1
1
1
Mace_070629

20070629 180000
20070630 000000
  -9.5000
  53.2000
  -9.5000
  53.2000
1
10.000000
20.000000
 45000
1
1
1
Mace_070629

20070630 000000
20070630 060000
  -9.5000
  53.2000
  -9.5000
  53.2000
1
10.000000
20.000000
 45000
1
1
1
Mace_070630

20070630 060000
20070630 120000
  -9.5000
  53.2000
  -9.5000
  53.2000
1
10.000000
20.000000
 45000
1
1
1
Mace_070630

20070630 120000
20070630 180000
  -9.5000
  53.2000
  -9.5000
  53.2000
1
10.000000
20.000000
 45000
1
1
1
Mace_070630

20070630 180000
20070701 000000
  -9.5000
  53.2000
  -9.5000
  53.2000
1
10.000000
20.000000
 45000
1
1
1
Mace_070630

