+++++++++++++++++ HEADER ++++++++++++++++++++
+++++++++++++++++ HEADER ++++++++++++++++++++
+++++++++++++++++ HEADER ++++++++++++++++++++
+++++++++++++++++ HEADER ++++++++++++++++++++
+++++++++++++++++ HEADER ++++++++++++++++++++
+++++++++++++++++ HEADER ++++++++++++++++++++
+++++++++++++++++ HEADER ++++++++++++++++++++
+++++++++++++++++ HEADER ++++++++++++++++++++
+++++++++++++++++ HEADER ++++++++++++++++++++
+++++++++++++++++ HEADER ++++++++++++++++++++
+++++++++++++++++ HEADER ++++++++++++++++++++
3
 83
 84
 85

20071101 000000
20071101 060000
  11.5000
  78.5000
  11.5000
  78.5000
1
470.000000
490.000000
 45000
1
1
1
Zepp_071101

20071101 060000
20071101 120000
  11.5000
  78.5000
  11.5000
  78.5000
1
470.000000
490.000000
 45000
1
1
1
Zepp_071101

20071101 120000
20071101 180000
  11.5000
  78.5000
  11.5000
  78.5000
1
470.000000
490.000000
 45000
1
1
1
Zepp_071101

20071101 180000
20071102 000000
  11.5000
  78.5000
  11.5000
  78.5000
1
470.000000
490.000000
 45000
1
1
1
Zepp_071101

20071102 000000
20071102 060000
  11.5000
  78.5000
  11.5000
  78.5000
1
470.000000
490.000000
 45000
1
1
1
Zepp_071102

20071102 060000
20071102 120000
  11.5000
  78.5000
  11.5000
  78.5000
1
470.000000
490.000000
 45000
1
1
1
Zepp_071102

20071102 120000
20071102 180000
  11.5000
  78.5000
  11.5000
  78.5000
1
470.000000
490.000000
 45000
1
1
1
Zepp_071102

20071102 180000
20071103 000000
  11.5000
  78.5000
  11.5000
  78.5000
1
470.000000
490.000000
 45000
1
1
1
Zepp_071102

20071103 000000
20071103 060000
  11.5000
  78.5000
  11.5000
  78.5000
1
470.000000
490.000000
 45000
1
1
1
Zepp_071103

20071103 060000
20071103 120000
  11.5000
  78.5000
  11.5000
  78.5000
1
470.000000
490.000000
 45000
1
1
1
Zepp_071103

20071103 120000
20071103 180000
  11.5000
  78.5000
  11.5000
  78.5000
1
470.000000
490.000000
 45000
1
1
1
Zepp_071103

20071103 180000
20071104 000000
  11.5000
  78.5000
  11.5000
  78.5000
1
470.000000
490.000000
 45000
1
1
1
Zepp_071103

20071104 000000
20071104 060000
  11.5000
  78.5000
  11.5000
  78.5000
1
470.000000
490.000000
 45000
1
1
1
Zepp_071104

20071104 060000
20071104 120000
  11.5000
  78.5000
  11.5000
  78.5000
1
470.000000
490.000000
 45000
1
1
1
Zepp_071104

20071104 120000
20071104 180000
  11.5000
  78.5000
  11.5000
  78.5000
1
470.000000
490.000000
 45000
1
1
1
Zepp_071104

20071104 180000
20071105 000000
  11.5000
  78.5000
  11.5000
  78.5000
1
470.000000
490.000000
 45000
1
1
1
Zepp_071104

20071105 000000
20071105 060000
  11.5000
  78.5000
  11.5000
  78.5000
1
470.000000
490.000000
 45000
1
1
1
Zepp_071105

20071105 060000
20071105 120000
  11.5000
  78.5000
  11.5000
  78.5000
1
470.000000
490.000000
 45000
1
1
1
Zepp_071105

20071105 120000
20071105 180000
  11.5000
  78.5000
  11.5000
  78.5000
1
470.000000
490.000000
 45000
1
1
1
Zepp_071105

20071105 180000
20071106 000000
  11.5000
  78.5000
  11.5000
  78.5000
1
470.000000
490.000000
 45000
1
1
1
Zepp_071105

20071106 000000
20071106 060000
  11.5000
  78.5000
  11.5000
  78.5000
1
470.000000
490.000000
 45000
1
1
1
Zepp_071106

20071106 060000
20071106 120000
  11.5000
  78.5000
  11.5000
  78.5000
1
470.000000
490.000000
 45000
1
1
1
Zepp_071106

20071106 120000
20071106 180000
  11.5000
  78.5000
  11.5000
  78.5000
1
470.000000
490.000000
 45000
1
1
1
Zepp_071106

20071106 180000
20071107 000000
  11.5000
  78.5000
  11.5000
  78.5000
1
470.000000
490.000000
 45000
1
1
1
Zepp_071106

20071107 000000
20071107 060000
  11.5000
  78.5000
  11.5000
  78.5000
1
470.000000
490.000000
 45000
1
1
1
Zepp_071107

20071107 060000
20071107 120000
  11.5000
  78.5000
  11.5000
  78.5000
1
470.000000
490.000000
 45000
1
1
1
Zepp_071107

20071107 120000
20071107 180000
  11.5000
  78.5000
  11.5000
  78.5000
1
470.000000
490.000000
 45000
1
1
1
Zepp_071107

20071107 180000
20071108 000000
  11.5000
  78.5000
  11.5000
  78.5000
1
470.000000
490.000000
 45000
1
1
1
Zepp_071107

20071108 000000
20071108 060000
  11.5000
  78.5000
  11.5000
  78.5000
1
470.000000
490.000000
 45000
1
1
1
Zepp_071108

20071108 060000
20071108 120000
  11.5000
  78.5000
  11.5000
  78.5000
1
470.000000
490.000000
 45000
1
1
1
Zepp_071108

20071108 120000
20071108 180000
  11.5000
  78.5000
  11.5000
  78.5000
1
470.000000
490.000000
 45000
1
1
1
Zepp_071108

20071108 180000
20071109 000000
  11.5000
  78.5000
  11.5000
  78.5000
1
470.000000
490.000000
 45000
1
1
1
Zepp_071108

20071109 000000
20071109 060000
  11.5000
  78.5000
  11.5000
  78.5000
1
470.000000
490.000000
 45000
1
1
1
Zepp_071109

20071109 060000
20071109 120000
  11.5000
  78.5000
  11.5000
  78.5000
1
470.000000
490.000000
 45000
1
1
1
Zepp_071109

20071109 120000
20071109 180000
  11.5000
  78.5000
  11.5000
  78.5000
1
470.000000
490.000000
 45000
1
1
1
Zepp_071109

20071109 180000
20071110 000000
  11.5000
  78.5000
  11.5000
  78.5000
1
470.000000
490.000000
 45000
1
1
1
Zepp_071109

20071110 000000
20071110 060000
  11.5000
  78.5000
  11.5000
  78.5000
1
470.000000
490.000000
 45000
1
1
1
Zepp_071110

20071110 060000
20071110 120000
  11.5000
  78.5000
  11.5000
  78.5000
1
470.000000
490.000000
 45000
1
1
1
Zepp_071110

20071110 120000
20071110 180000
  11.5000
  78.5000
  11.5000
  78.5000
1
470.000000
490.000000
 45000
1
1
1
Zepp_071110

20071110 180000
20071111 000000
  11.5000
  78.5000
  11.5000
  78.5000
1
470.000000
490.000000
 45000
1
1
1
Zepp_071110

20071111 000000
20071111 060000
  11.5000
  78.5000
  11.5000
  78.5000
1
470.000000
490.000000
 45000
1
1
1
Zepp_071111

20071111 060000
20071111 120000
  11.5000
  78.5000
  11.5000
  78.5000
1
470.000000
490.000000
 45000
1
1
1
Zepp_071111

20071111 120000
20071111 180000
  11.5000
  78.5000
  11.5000
  78.5000
1
470.000000
490.000000
 45000
1
1
1
Zepp_071111

20071111 180000
20071112 000000
  11.5000
  78.5000
  11.5000
  78.5000
1
470.000000
490.000000
 45000
1
1
1
Zepp_071111

20071112 000000
20071112 060000
  11.5000
  78.5000
  11.5000
  78.5000
1
470.000000
490.000000
 45000
1
1
1
Zepp_071112

20071112 060000
20071112 120000
  11.5000
  78.5000
  11.5000
  78.5000
1
470.000000
490.000000
 45000
1
1
1
Zepp_071112

20071112 120000
20071112 180000
  11.5000
  78.5000
  11.5000
  78.5000
1
470.000000
490.000000
 45000
1
1
1
Zepp_071112

20071112 180000
20071113 000000
  11.5000
  78.5000
  11.5000
  78.5000
1
470.000000
490.000000
 45000
1
1
1
Zepp_071112

20071113 000000
20071113 060000
  11.5000
  78.5000
  11.5000
  78.5000
1
470.000000
490.000000
 45000
1
1
1
Zepp_071113

20071113 060000
20071113 120000
  11.5000
  78.5000
  11.5000
  78.5000
1
470.000000
490.000000
 45000
1
1
1
Zepp_071113

20071113 120000
20071113 180000
  11.5000
  78.5000
  11.5000
  78.5000
1
470.000000
490.000000
 45000
1
1
1
Zepp_071113

20071113 180000
20071114 000000
  11.5000
  78.5000
  11.5000
  78.5000
1
470.000000
490.000000
 45000
1
1
1
Zepp_071113

20071114 000000
20071114 060000
  11.5000
  78.5000
  11.5000
  78.5000
1
470.000000
490.000000
 45000
1
1
1
Zepp_071114

20071114 060000
20071114 120000
  11.5000
  78.5000
  11.5000
  78.5000
1
470.000000
490.000000
 45000
1
1
1
Zepp_071114

20071114 120000
20071114 180000
  11.5000
  78.5000
  11.5000
  78.5000
1
470.000000
490.000000
 45000
1
1
1
Zepp_071114

20071114 180000
20071115 000000
  11.5000
  78.5000
  11.5000
  78.5000
1
470.000000
490.000000
 45000
1
1
1
Zepp_071114

20071115 000000
20071115 060000
  11.5000
  78.5000
  11.5000
  78.5000
1
470.000000
490.000000
 45000
1
1
1
Zepp_071115

20071115 060000
20071115 120000
  11.5000
  78.5000
  11.5000
  78.5000
1
470.000000
490.000000
 45000
1
1
1
Zepp_071115

20071115 120000
20071115 180000
  11.5000
  78.5000
  11.5000
  78.5000
1
470.000000
490.000000
 45000
1
1
1
Zepp_071115

20071115 180000
20071116 000000
  11.5000
  78.5000
  11.5000
  78.5000
1
470.000000
490.000000
 45000
1
1
1
Zepp_071115

20071116 000000
20071116 060000
  11.5000
  78.5000
  11.5000
  78.5000
1
470.000000
490.000000
 45000
1
1
1
Zepp_071116

20071116 060000
20071116 120000
  11.5000
  78.5000
  11.5000
  78.5000
1
470.000000
490.000000
 45000
1
1
1
Zepp_071116

20071116 120000
20071116 180000
  11.5000
  78.5000
  11.5000
  78.5000
1
470.000000
490.000000
 45000
1
1
1
Zepp_071116

20071116 180000
20071117 000000
  11.5000
  78.5000
  11.5000
  78.5000
1
470.000000
490.000000
 45000
1
1
1
Zepp_071116

20071117 000000
20071117 060000
  11.5000
  78.5000
  11.5000
  78.5000
1
470.000000
490.000000
 45000
1
1
1
Zepp_071117

20071117 060000
20071117 120000
  11.5000
  78.5000
  11.5000
  78.5000
1
470.000000
490.000000
 45000
1
1
1
Zepp_071117

20071117 120000
20071117 180000
  11.5000
  78.5000
  11.5000
  78.5000
1
470.000000
490.000000
 45000
1
1
1
Zepp_071117

20071117 180000
20071118 000000
  11.5000
  78.5000
  11.5000
  78.5000
1
470.000000
490.000000
 45000
1
1
1
Zepp_071117

20071118 000000
20071118 060000
  11.5000
  78.5000
  11.5000
  78.5000
1
470.000000
490.000000
 45000
1
1
1
Zepp_071118

20071118 060000
20071118 120000
  11.5000
  78.5000
  11.5000
  78.5000
1
470.000000
490.000000
 45000
1
1
1
Zepp_071118

20071118 120000
20071118 180000
  11.5000
  78.5000
  11.5000
  78.5000
1
470.000000
490.000000
 45000
1
1
1
Zepp_071118

20071118 180000
20071119 000000
  11.5000
  78.5000
  11.5000
  78.5000
1
470.000000
490.000000
 45000
1
1
1
Zepp_071118

20071119 000000
20071119 060000
  11.5000
  78.5000
  11.5000
  78.5000
1
470.000000
490.000000
 45000
1
1
1
Zepp_071119

20071119 060000
20071119 120000
  11.5000
  78.5000
  11.5000
  78.5000
1
470.000000
490.000000
 45000
1
1
1
Zepp_071119

20071119 120000
20071119 180000
  11.5000
  78.5000
  11.5000
  78.5000
1
470.000000
490.000000
 45000
1
1
1
Zepp_071119

20071119 180000
20071120 000000
  11.5000
  78.5000
  11.5000
  78.5000
1
470.000000
490.000000
 45000
1
1
1
Zepp_071119

20071120 000000
20071120 060000
  11.5000
  78.5000
  11.5000
  78.5000
1
470.000000
490.000000
 45000
1
1
1
Zepp_071120

20071120 060000
20071120 120000
  11.5000
  78.5000
  11.5000
  78.5000
1
470.000000
490.000000
 45000
1
1
1
Zepp_071120

20071120 120000
20071120 180000
  11.5000
  78.5000
  11.5000
  78.5000
1
470.000000
490.000000
 45000
1
1
1
Zepp_071120

20071120 180000
20071121 000000
  11.5000
  78.5000
  11.5000
  78.5000
1
470.000000
490.000000
 45000
1
1
1
Zepp_071120

20071121 000000
20071121 060000
  11.5000
  78.5000
  11.5000
  78.5000
1
470.000000
490.000000
 45000
1
1
1
Zepp_071121

20071121 060000
20071121 120000
  11.5000
  78.5000
  11.5000
  78.5000
1
470.000000
490.000000
 45000
1
1
1
Zepp_071121

20071121 120000
20071121 180000
  11.5000
  78.5000
  11.5000
  78.5000
1
470.000000
490.000000
 45000
1
1
1
Zepp_071121

20071121 180000
20071122 000000
  11.5000
  78.5000
  11.5000
  78.5000
1
470.000000
490.000000
 45000
1
1
1
Zepp_071121

20071122 000000
20071122 060000
  11.5000
  78.5000
  11.5000
  78.5000
1
470.000000
490.000000
 45000
1
1
1
Zepp_071122

20071122 060000
20071122 120000
  11.5000
  78.5000
  11.5000
  78.5000
1
470.000000
490.000000
 45000
1
1
1
Zepp_071122

20071122 120000
20071122 180000
  11.5000
  78.5000
  11.5000
  78.5000
1
470.000000
490.000000
 45000
1
1
1
Zepp_071122

20071122 180000
20071123 000000
  11.5000
  78.5000
  11.5000
  78.5000
1
470.000000
490.000000
 45000
1
1
1
Zepp_071122

20071123 000000
20071123 060000
  11.5000
  78.5000
  11.5000
  78.5000
1
470.000000
490.000000
 45000
1
1
1
Zepp_071123

20071123 060000
20071123 120000
  11.5000
  78.5000
  11.5000
  78.5000
1
470.000000
490.000000
 45000
1
1
1
Zepp_071123

20071123 120000
20071123 180000
  11.5000
  78.5000
  11.5000
  78.5000
1
470.000000
490.000000
 45000
1
1
1
Zepp_071123

20071123 180000
20071124 000000
  11.5000
  78.5000
  11.5000
  78.5000
1
470.000000
490.000000
 45000
1
1
1
Zepp_071123

20071124 000000
20071124 060000
  11.5000
  78.5000
  11.5000
  78.5000
1
470.000000
490.000000
 45000
1
1
1
Zepp_071124

20071124 060000
20071124 120000
  11.5000
  78.5000
  11.5000
  78.5000
1
470.000000
490.000000
 45000
1
1
1
Zepp_071124

20071124 120000
20071124 180000
  11.5000
  78.5000
  11.5000
  78.5000
1
470.000000
490.000000
 45000
1
1
1
Zepp_071124

20071124 180000
20071125 000000
  11.5000
  78.5000
  11.5000
  78.5000
1
470.000000
490.000000
 45000
1
1
1
Zepp_071124

20071125 000000
20071125 060000
  11.5000
  78.5000
  11.5000
  78.5000
1
470.000000
490.000000
 45000
1
1
1
Zepp_071125

20071125 060000
20071125 120000
  11.5000
  78.5000
  11.5000
  78.5000
1
470.000000
490.000000
 45000
1
1
1
Zepp_071125

20071125 120000
20071125 180000
  11.5000
  78.5000
  11.5000
  78.5000
1
470.000000
490.000000
 45000
1
1
1
Zepp_071125

20071125 180000
20071126 000000
  11.5000
  78.5000
  11.5000
  78.5000
1
470.000000
490.000000
 45000
1
1
1
Zepp_071125

20071126 000000
20071126 060000
  11.5000
  78.5000
  11.5000
  78.5000
1
470.000000
490.000000
 45000
1
1
1
Zepp_071126

20071126 060000
20071126 120000
  11.5000
  78.5000
  11.5000
  78.5000
1
470.000000
490.000000
 45000
1
1
1
Zepp_071126

20071126 120000
20071126 180000
  11.5000
  78.5000
  11.5000
  78.5000
1
470.000000
490.000000
 45000
1
1
1
Zepp_071126

20071126 180000
20071127 000000
  11.5000
  78.5000
  11.5000
  78.5000
1
470.000000
490.000000
 45000
1
1
1
Zepp_071126

20071127 000000
20071127 060000
  11.5000
  78.5000
  11.5000
  78.5000
1
470.000000
490.000000
 45000
1
1
1
Zepp_071127

20071127 060000
20071127 120000
  11.5000
  78.5000
  11.5000
  78.5000
1
470.000000
490.000000
 45000
1
1
1
Zepp_071127

20071127 120000
20071127 180000
  11.5000
  78.5000
  11.5000
  78.5000
1
470.000000
490.000000
 45000
1
1
1
Zepp_071127

20071127 180000
20071128 000000
  11.5000
  78.5000
  11.5000
  78.5000
1
470.000000
490.000000
 45000
1
1
1
Zepp_071127

20071128 000000
20071128 060000
  11.5000
  78.5000
  11.5000
  78.5000
1
470.000000
490.000000
 45000
1
1
1
Zepp_071128

20071128 060000
20071128 120000
  11.5000
  78.5000
  11.5000
  78.5000
1
470.000000
490.000000
 45000
1
1
1
Zepp_071128

20071128 120000
20071128 180000
  11.5000
  78.5000
  11.5000
  78.5000
1
470.000000
490.000000
 45000
1
1
1
Zepp_071128

20071128 180000
20071129 000000
  11.5000
  78.5000
  11.5000
  78.5000
1
470.000000
490.000000
 45000
1
1
1
Zepp_071128

20071129 000000
20071129 060000
  11.5000
  78.5000
  11.5000
  78.5000
1
470.000000
490.000000
 45000
1
1
1
Zepp_071129

20071129 060000
20071129 120000
  11.5000
  78.5000
  11.5000
  78.5000
1
470.000000
490.000000
 45000
1
1
1
Zepp_071129

20071129 120000
20071129 180000
  11.5000
  78.5000
  11.5000
  78.5000
1
470.000000
490.000000
 45000
1
1
1
Zepp_071129

20071129 180000
20071130 000000
  11.5000
  78.5000
  11.5000
  78.5000
1
470.000000
490.000000
 45000
1
1
1
Zepp_071129

20071130 000000
20071130 060000
  11.5000
  78.5000
  11.5000
  78.5000
1
470.000000
490.000000
 45000
1
1
1
Zepp_071130

20071130 060000
20071130 120000
  11.5000
  78.5000
  11.5000
  78.5000
1
470.000000
490.000000
 45000
1
1
1
Zepp_071130

20071130 120000
20071130 180000
  11.5000
  78.5000
  11.5000
  78.5000
1
470.000000
490.000000
 45000
1
1
1
Zepp_071130

20071130 180000
20071201 000000
  11.5000
  78.5000
  11.5000
  78.5000
1
470.000000
490.000000
 45000
1
1
1
Zepp_071130

