+++++++++++++++++ HEADER ++++++++++++++++++++
+++++++++++++++++ HEADER ++++++++++++++++++++
+++++++++++++++++ HEADER ++++++++++++++++++++
+++++++++++++++++ HEADER ++++++++++++++++++++
+++++++++++++++++ HEADER ++++++++++++++++++++
+++++++++++++++++ HEADER ++++++++++++++++++++
+++++++++++++++++ HEADER ++++++++++++++++++++
+++++++++++++++++ HEADER ++++++++++++++++++++
+++++++++++++++++ HEADER ++++++++++++++++++++
+++++++++++++++++ HEADER ++++++++++++++++++++
+++++++++++++++++ HEADER ++++++++++++++++++++
3
 83
 84
 85

20070701 000000
20070701 060000
  -9.5000
  53.2000
  -9.5000
  53.2000
1
10.000000
20.000000
 45000
1
1
1
Mace_070701

20070701 060000
20070701 120000
  -9.5000
  53.2000
  -9.5000
  53.2000
1
10.000000
20.000000
 45000
1
1
1
Mace_070701

20070701 120000
20070701 180000
  -9.5000
  53.2000
  -9.5000
  53.2000
1
10.000000
20.000000
 45000
1
1
1
Mace_070701

20070701 180000
20070702 000000
  -9.5000
  53.2000
  -9.5000
  53.2000
1
10.000000
20.000000
 45000
1
1
1
Mace_070701

20070702 000000
20070702 060000
  -9.5000
  53.2000
  -9.5000
  53.2000
1
10.000000
20.000000
 45000
1
1
1
Mace_070702

20070702 060000
20070702 120000
  -9.5000
  53.2000
  -9.5000
  53.2000
1
10.000000
20.000000
 45000
1
1
1
Mace_070702

20070702 120000
20070702 180000
  -9.5000
  53.2000
  -9.5000
  53.2000
1
10.000000
20.000000
 45000
1
1
1
Mace_070702

20070702 180000
20070703 000000
  -9.5000
  53.2000
  -9.5000
  53.2000
1
10.000000
20.000000
 45000
1
1
1
Mace_070702

20070703 000000
20070703 060000
  -9.5000
  53.2000
  -9.5000
  53.2000
1
10.000000
20.000000
 45000
1
1
1
Mace_070703

20070703 060000
20070703 120000
  -9.5000
  53.2000
  -9.5000
  53.2000
1
10.000000
20.000000
 45000
1
1
1
Mace_070703

20070703 120000
20070703 180000
  -9.5000
  53.2000
  -9.5000
  53.2000
1
10.000000
20.000000
 45000
1
1
1
Mace_070703

20070703 180000
20070704 000000
  -9.5000
  53.2000
  -9.5000
  53.2000
1
10.000000
20.000000
 45000
1
1
1
Mace_070703

20070704 000000
20070704 060000
  -9.5000
  53.2000
  -9.5000
  53.2000
1
10.000000
20.000000
 45000
1
1
1
Mace_070704

20070704 060000
20070704 120000
  -9.5000
  53.2000
  -9.5000
  53.2000
1
10.000000
20.000000
 45000
1
1
1
Mace_070704

20070704 120000
20070704 180000
  -9.5000
  53.2000
  -9.5000
  53.2000
1
10.000000
20.000000
 45000
1
1
1
Mace_070704

20070704 180000
20070705 000000
  -9.5000
  53.2000
  -9.5000
  53.2000
1
10.000000
20.000000
 45000
1
1
1
Mace_070704

20070705 000000
20070705 060000
  -9.5000
  53.2000
  -9.5000
  53.2000
1
10.000000
20.000000
 45000
1
1
1
Mace_070705

20070705 060000
20070705 120000
  -9.5000
  53.2000
  -9.5000
  53.2000
1
10.000000
20.000000
 45000
1
1
1
Mace_070705

20070705 120000
20070705 180000
  -9.5000
  53.2000
  -9.5000
  53.2000
1
10.000000
20.000000
 45000
1
1
1
Mace_070705

20070705 180000
20070706 000000
  -9.5000
  53.2000
  -9.5000
  53.2000
1
10.000000
20.000000
 45000
1
1
1
Mace_070705

20070706 000000
20070706 060000
  -9.5000
  53.2000
  -9.5000
  53.2000
1
10.000000
20.000000
 45000
1
1
1
Mace_070706

20070706 060000
20070706 120000
  -9.5000
  53.2000
  -9.5000
  53.2000
1
10.000000
20.000000
 45000
1
1
1
Mace_070706

20070706 120000
20070706 180000
  -9.5000
  53.2000
  -9.5000
  53.2000
1
10.000000
20.000000
 45000
1
1
1
Mace_070706

20070706 180000
20070707 000000
  -9.5000
  53.2000
  -9.5000
  53.2000
1
10.000000
20.000000
 45000
1
1
1
Mace_070706

20070707 000000
20070707 060000
  -9.5000
  53.2000
  -9.5000
  53.2000
1
10.000000
20.000000
 45000
1
1
1
Mace_070707

20070707 060000
20070707 120000
  -9.5000
  53.2000
  -9.5000
  53.2000
1
10.000000
20.000000
 45000
1
1
1
Mace_070707

20070707 120000
20070707 180000
  -9.5000
  53.2000
  -9.5000
  53.2000
1
10.000000
20.000000
 45000
1
1
1
Mace_070707

20070707 180000
20070708 000000
  -9.5000
  53.2000
  -9.5000
  53.2000
1
10.000000
20.000000
 45000
1
1
1
Mace_070707

20070708 000000
20070708 060000
  -9.5000
  53.2000
  -9.5000
  53.2000
1
10.000000
20.000000
 45000
1
1
1
Mace_070708

20070708 060000
20070708 120000
  -9.5000
  53.2000
  -9.5000
  53.2000
1
10.000000
20.000000
 45000
1
1
1
Mace_070708

20070708 120000
20070708 180000
  -9.5000
  53.2000
  -9.5000
  53.2000
1
10.000000
20.000000
 45000
1
1
1
Mace_070708

20070708 180000
20070709 000000
  -9.5000
  53.2000
  -9.5000
  53.2000
1
10.000000
20.000000
 45000
1
1
1
Mace_070708

20070709 000000
20070709 060000
  -9.5000
  53.2000
  -9.5000
  53.2000
1
10.000000
20.000000
 45000
1
1
1
Mace_070709

20070709 060000
20070709 120000
  -9.5000
  53.2000
  -9.5000
  53.2000
1
10.000000
20.000000
 45000
1
1
1
Mace_070709

20070709 120000
20070709 180000
  -9.5000
  53.2000
  -9.5000
  53.2000
1
10.000000
20.000000
 45000
1
1
1
Mace_070709

20070709 180000
20070710 000000
  -9.5000
  53.2000
  -9.5000
  53.2000
1
10.000000
20.000000
 45000
1
1
1
Mace_070709

20070710 000000
20070710 060000
  -9.5000
  53.2000
  -9.5000
  53.2000
1
10.000000
20.000000
 45000
1
1
1
Mace_070710

20070710 060000
20070710 120000
  -9.5000
  53.2000
  -9.5000
  53.2000
1
10.000000
20.000000
 45000
1
1
1
Mace_070710

20070710 120000
20070710 180000
  -9.5000
  53.2000
  -9.5000
  53.2000
1
10.000000
20.000000
 45000
1
1
1
Mace_070710

20070710 180000
20070711 000000
  -9.5000
  53.2000
  -9.5000
  53.2000
1
10.000000
20.000000
 45000
1
1
1
Mace_070710

20070711 000000
20070711 060000
  -9.5000
  53.2000
  -9.5000
  53.2000
1
10.000000
20.000000
 45000
1
1
1
Mace_070711

20070711 060000
20070711 120000
  -9.5000
  53.2000
  -9.5000
  53.2000
1
10.000000
20.000000
 45000
1
1
1
Mace_070711

20070711 120000
20070711 180000
  -9.5000
  53.2000
  -9.5000
  53.2000
1
10.000000
20.000000
 45000
1
1
1
Mace_070711

20070711 180000
20070712 000000
  -9.5000
  53.2000
  -9.5000
  53.2000
1
10.000000
20.000000
 45000
1
1
1
Mace_070711

20070712 000000
20070712 060000
  -9.5000
  53.2000
  -9.5000
  53.2000
1
10.000000
20.000000
 45000
1
1
1
Mace_070712

20070712 060000
20070712 120000
  -9.5000
  53.2000
  -9.5000
  53.2000
1
10.000000
20.000000
 45000
1
1
1
Mace_070712

20070712 120000
20070712 180000
  -9.5000
  53.2000
  -9.5000
  53.2000
1
10.000000
20.000000
 45000
1
1
1
Mace_070712

20070712 180000
20070713 000000
  -9.5000
  53.2000
  -9.5000
  53.2000
1
10.000000
20.000000
 45000
1
1
1
Mace_070712

20070713 000000
20070713 060000
  -9.5000
  53.2000
  -9.5000
  53.2000
1
10.000000
20.000000
 45000
1
1
1
Mace_070713

20070713 060000
20070713 120000
  -9.5000
  53.2000
  -9.5000
  53.2000
1
10.000000
20.000000
 45000
1
1
1
Mace_070713

20070713 120000
20070713 180000
  -9.5000
  53.2000
  -9.5000
  53.2000
1
10.000000
20.000000
 45000
1
1
1
Mace_070713

20070713 180000
20070714 000000
  -9.5000
  53.2000
  -9.5000
  53.2000
1
10.000000
20.000000
 45000
1
1
1
Mace_070713

20070714 000000
20070714 060000
  -9.5000
  53.2000
  -9.5000
  53.2000
1
10.000000
20.000000
 45000
1
1
1
Mace_070714

20070714 060000
20070714 120000
  -9.5000
  53.2000
  -9.5000
  53.2000
1
10.000000
20.000000
 45000
1
1
1
Mace_070714

20070714 120000
20070714 180000
  -9.5000
  53.2000
  -9.5000
  53.2000
1
10.000000
20.000000
 45000
1
1
1
Mace_070714

20070714 180000
20070715 000000
  -9.5000
  53.2000
  -9.5000
  53.2000
1
10.000000
20.000000
 45000
1
1
1
Mace_070714

20070715 000000
20070715 060000
  -9.5000
  53.2000
  -9.5000
  53.2000
1
10.000000
20.000000
 45000
1
1
1
Mace_070715

20070715 060000
20070715 120000
  -9.5000
  53.2000
  -9.5000
  53.2000
1
10.000000
20.000000
 45000
1
1
1
Mace_070715

20070715 120000
20070715 180000
  -9.5000
  53.2000
  -9.5000
  53.2000
1
10.000000
20.000000
 45000
1
1
1
Mace_070715

20070715 180000
20070716 000000
  -9.5000
  53.2000
  -9.5000
  53.2000
1
10.000000
20.000000
 45000
1
1
1
Mace_070715

20070716 000000
20070716 060000
  -9.5000
  53.2000
  -9.5000
  53.2000
1
10.000000
20.000000
 45000
1
1
1
Mace_070716

20070716 060000
20070716 120000
  -9.5000
  53.2000
  -9.5000
  53.2000
1
10.000000
20.000000
 45000
1
1
1
Mace_070716

20070716 120000
20070716 180000
  -9.5000
  53.2000
  -9.5000
  53.2000
1
10.000000
20.000000
 45000
1
1
1
Mace_070716

20070716 180000
20070717 000000
  -9.5000
  53.2000
  -9.5000
  53.2000
1
10.000000
20.000000
 45000
1
1
1
Mace_070716

20070717 000000
20070717 060000
  -9.5000
  53.2000
  -9.5000
  53.2000
1
10.000000
20.000000
 45000
1
1
1
Mace_070717

20070717 060000
20070717 120000
  -9.5000
  53.2000
  -9.5000
  53.2000
1
10.000000
20.000000
 45000
1
1
1
Mace_070717

20070717 120000
20070717 180000
  -9.5000
  53.2000
  -9.5000
  53.2000
1
10.000000
20.000000
 45000
1
1
1
Mace_070717

20070717 180000
20070718 000000
  -9.5000
  53.2000
  -9.5000
  53.2000
1
10.000000
20.000000
 45000
1
1
1
Mace_070717

20070718 000000
20070718 060000
  -9.5000
  53.2000
  -9.5000
  53.2000
1
10.000000
20.000000
 45000
1
1
1
Mace_070718

20070718 060000
20070718 120000
  -9.5000
  53.2000
  -9.5000
  53.2000
1
10.000000
20.000000
 45000
1
1
1
Mace_070718

20070718 120000
20070718 180000
  -9.5000
  53.2000
  -9.5000
  53.2000
1
10.000000
20.000000
 45000
1
1
1
Mace_070718

20070718 180000
20070719 000000
  -9.5000
  53.2000
  -9.5000
  53.2000
1
10.000000
20.000000
 45000
1
1
1
Mace_070718

20070719 000000
20070719 060000
  -9.5000
  53.2000
  -9.5000
  53.2000
1
10.000000
20.000000
 45000
1
1
1
Mace_070719

20070719 060000
20070719 120000
  -9.5000
  53.2000
  -9.5000
  53.2000
1
10.000000
20.000000
 45000
1
1
1
Mace_070719

20070719 120000
20070719 180000
  -9.5000
  53.2000
  -9.5000
  53.2000
1
10.000000
20.000000
 45000
1
1
1
Mace_070719

20070719 180000
20070720 000000
  -9.5000
  53.2000
  -9.5000
  53.2000
1
10.000000
20.000000
 45000
1
1
1
Mace_070719

20070720 000000
20070720 060000
  -9.5000
  53.2000
  -9.5000
  53.2000
1
10.000000
20.000000
 45000
1
1
1
Mace_070720

20070720 060000
20070720 120000
  -9.5000
  53.2000
  -9.5000
  53.2000
1
10.000000
20.000000
 45000
1
1
1
Mace_070720

20070720 120000
20070720 180000
  -9.5000
  53.2000
  -9.5000
  53.2000
1
10.000000
20.000000
 45000
1
1
1
Mace_070720

20070720 180000
20070721 000000
  -9.5000
  53.2000
  -9.5000
  53.2000
1
10.000000
20.000000
 45000
1
1
1
Mace_070720

20070721 000000
20070721 060000
  -9.5000
  53.2000
  -9.5000
  53.2000
1
10.000000
20.000000
 45000
1
1
1
Mace_070721

20070721 060000
20070721 120000
  -9.5000
  53.2000
  -9.5000
  53.2000
1
10.000000
20.000000
 45000
1
1
1
Mace_070721

20070721 120000
20070721 180000
  -9.5000
  53.2000
  -9.5000
  53.2000
1
10.000000
20.000000
 45000
1
1
1
Mace_070721

20070721 180000
20070722 000000
  -9.5000
  53.2000
  -9.5000
  53.2000
1
10.000000
20.000000
 45000
1
1
1
Mace_070721

20070722 000000
20070722 060000
  -9.5000
  53.2000
  -9.5000
  53.2000
1
10.000000
20.000000
 45000
1
1
1
Mace_070722

20070722 060000
20070722 120000
  -9.5000
  53.2000
  -9.5000
  53.2000
1
10.000000
20.000000
 45000
1
1
1
Mace_070722

20070722 120000
20070722 180000
  -9.5000
  53.2000
  -9.5000
  53.2000
1
10.000000
20.000000
 45000
1
1
1
Mace_070722

20070722 180000
20070723 000000
  -9.5000
  53.2000
  -9.5000
  53.2000
1
10.000000
20.000000
 45000
1
1
1
Mace_070722

20070723 000000
20070723 060000
  -9.5000
  53.2000
  -9.5000
  53.2000
1
10.000000
20.000000
 45000
1
1
1
Mace_070723

20070723 060000
20070723 120000
  -9.5000
  53.2000
  -9.5000
  53.2000
1
10.000000
20.000000
 45000
1
1
1
Mace_070723

20070723 120000
20070723 180000
  -9.5000
  53.2000
  -9.5000
  53.2000
1
10.000000
20.000000
 45000
1
1
1
Mace_070723

20070723 180000
20070724 000000
  -9.5000
  53.2000
  -9.5000
  53.2000
1
10.000000
20.000000
 45000
1
1
1
Mace_070723

20070724 000000
20070724 060000
  -9.5000
  53.2000
  -9.5000
  53.2000
1
10.000000
20.000000
 45000
1
1
1
Mace_070724

20070724 060000
20070724 120000
  -9.5000
  53.2000
  -9.5000
  53.2000
1
10.000000
20.000000
 45000
1
1
1
Mace_070724

20070724 120000
20070724 180000
  -9.5000
  53.2000
  -9.5000
  53.2000
1
10.000000
20.000000
 45000
1
1
1
Mace_070724

20070724 180000
20070725 000000
  -9.5000
  53.2000
  -9.5000
  53.2000
1
10.000000
20.000000
 45000
1
1
1
Mace_070724

20070725 000000
20070725 060000
  -9.5000
  53.2000
  -9.5000
  53.2000
1
10.000000
20.000000
 45000
1
1
1
Mace_070725

20070725 060000
20070725 120000
  -9.5000
  53.2000
  -9.5000
  53.2000
1
10.000000
20.000000
 45000
1
1
1
Mace_070725

20070725 120000
20070725 180000
  -9.5000
  53.2000
  -9.5000
  53.2000
1
10.000000
20.000000
 45000
1
1
1
Mace_070725

20070725 180000
20070726 000000
  -9.5000
  53.2000
  -9.5000
  53.2000
1
10.000000
20.000000
 45000
1
1
1
Mace_070725

20070726 000000
20070726 060000
  -9.5000
  53.2000
  -9.5000
  53.2000
1
10.000000
20.000000
 45000
1
1
1
Mace_070726

20070726 060000
20070726 120000
  -9.5000
  53.2000
  -9.5000
  53.2000
1
10.000000
20.000000
 45000
1
1
1
Mace_070726

20070726 120000
20070726 180000
  -9.5000
  53.2000
  -9.5000
  53.2000
1
10.000000
20.000000
 45000
1
1
1
Mace_070726

20070726 180000
20070727 000000
  -9.5000
  53.2000
  -9.5000
  53.2000
1
10.000000
20.000000
 45000
1
1
1
Mace_070726

20070727 000000
20070727 060000
  -9.5000
  53.2000
  -9.5000
  53.2000
1
10.000000
20.000000
 45000
1
1
1
Mace_070727

20070727 060000
20070727 120000
  -9.5000
  53.2000
  -9.5000
  53.2000
1
10.000000
20.000000
 45000
1
1
1
Mace_070727

20070727 120000
20070727 180000
  -9.5000
  53.2000
  -9.5000
  53.2000
1
10.000000
20.000000
 45000
1
1
1
Mace_070727

20070727 180000
20070728 000000
  -9.5000
  53.2000
  -9.5000
  53.2000
1
10.000000
20.000000
 45000
1
1
1
Mace_070727

20070728 000000
20070728 060000
  -9.5000
  53.2000
  -9.5000
  53.2000
1
10.000000
20.000000
 45000
1
1
1
Mace_070728

20070728 060000
20070728 120000
  -9.5000
  53.2000
  -9.5000
  53.2000
1
10.000000
20.000000
 45000
1
1
1
Mace_070728

20070728 120000
20070728 180000
  -9.5000
  53.2000
  -9.5000
  53.2000
1
10.000000
20.000000
 45000
1
1
1
Mace_070728

20070728 180000
20070729 000000
  -9.5000
  53.2000
  -9.5000
  53.2000
1
10.000000
20.000000
 45000
1
1
1
Mace_070728

20070729 000000
20070729 060000
  -9.5000
  53.2000
  -9.5000
  53.2000
1
10.000000
20.000000
 45000
1
1
1
Mace_070729

20070729 060000
20070729 120000
  -9.5000
  53.2000
  -9.5000
  53.2000
1
10.000000
20.000000
 45000
1
1
1
Mace_070729

20070729 120000
20070729 180000
  -9.5000
  53.2000
  -9.5000
  53.2000
1
10.000000
20.000000
 45000
1
1
1
Mace_070729

20070729 180000
20070730 000000
  -9.5000
  53.2000
  -9.5000
  53.2000
1
10.000000
20.000000
 45000
1
1
1
Mace_070729

20070730 000000
20070730 060000
  -9.5000
  53.2000
  -9.5000
  53.2000
1
10.000000
20.000000
 45000
1
1
1
Mace_070730

20070730 060000
20070730 120000
  -9.5000
  53.2000
  -9.5000
  53.2000
1
10.000000
20.000000
 45000
1
1
1
Mace_070730

20070730 120000
20070730 180000
  -9.5000
  53.2000
  -9.5000
  53.2000
1
10.000000
20.000000
 45000
1
1
1
Mace_070730

20070730 180000
20070731 000000
  -9.5000
  53.2000
  -9.5000
  53.2000
1
10.000000
20.000000
 45000
1
1
1
Mace_070730

20070731 000000
20070731 060000
  -9.5000
  53.2000
  -9.5000
  53.2000
1
10.000000
20.000000
 45000
1
1
1
Mace_070731

20070731 060000
20070731 120000
  -9.5000
  53.2000
  -9.5000
  53.2000
1
10.000000
20.000000
 45000
1
1
1
Mace_070731

20070731 120000
20070731 180000
  -9.5000
  53.2000
  -9.5000
  53.2000
1
10.000000
20.000000
 45000
1
1
1
Mace_070731

20070731 180000
20070801 000000
  -9.5000
  53.2000
  -9.5000
  53.2000
1
10.000000
20.000000
 45000
1
1
1
Mace_070731

