+++++++++++++++++ HEADER ++++++++++++++++++++
+++++++++++++++++ HEADER ++++++++++++++++++++
+++++++++++++++++ HEADER ++++++++++++++++++++
+++++++++++++++++ HEADER ++++++++++++++++++++
+++++++++++++++++ HEADER ++++++++++++++++++++
+++++++++++++++++ HEADER ++++++++++++++++++++
+++++++++++++++++ HEADER ++++++++++++++++++++
+++++++++++++++++ HEADER ++++++++++++++++++++
+++++++++++++++++ HEADER ++++++++++++++++++++
+++++++++++++++++ HEADER ++++++++++++++++++++
+++++++++++++++++ HEADER ++++++++++++++++++++
3
 83
 84
 85

20071201 000000
20071201 060000
  12.5000
  51.3000
  12.5000
  51.3000
1
70.000000
100.000000
 45000
1
1
1
Melp_071201

20071201 060000
20071201 120000
  12.5000
  51.3000
  12.5000
  51.3000
1
70.000000
100.000000
 45000
1
1
1
Melp_071201

20071201 120000
20071201 180000
  12.5000
  51.3000
  12.5000
  51.3000
1
70.000000
100.000000
 45000
1
1
1
Melp_071201

20071201 180000
20071202 000000
  12.5000
  51.3000
  12.5000
  51.3000
1
70.000000
100.000000
 45000
1
1
1
Melp_071201

20071202 000000
20071202 060000
  12.5000
  51.3000
  12.5000
  51.3000
1
70.000000
100.000000
 45000
1
1
1
Melp_071202

20071202 060000
20071202 120000
  12.5000
  51.3000
  12.5000
  51.3000
1
70.000000
100.000000
 45000
1
1
1
Melp_071202

20071202 120000
20071202 180000
  12.5000
  51.3000
  12.5000
  51.3000
1
70.000000
100.000000
 45000
1
1
1
Melp_071202

20071202 180000
20071203 000000
  12.5000
  51.3000
  12.5000
  51.3000
1
70.000000
100.000000
 45000
1
1
1
Melp_071202

20071203 000000
20071203 060000
  12.5000
  51.3000
  12.5000
  51.3000
1
70.000000
100.000000
 45000
1
1
1
Melp_071203

20071203 060000
20071203 120000
  12.5000
  51.3000
  12.5000
  51.3000
1
70.000000
100.000000
 45000
1
1
1
Melp_071203

20071203 120000
20071203 180000
  12.5000
  51.3000
  12.5000
  51.3000
1
70.000000
100.000000
 45000
1
1
1
Melp_071203

20071203 180000
20071204 000000
  12.5000
  51.3000
  12.5000
  51.3000
1
70.000000
100.000000
 45000
1
1
1
Melp_071203

20071204 000000
20071204 060000
  12.5000
  51.3000
  12.5000
  51.3000
1
70.000000
100.000000
 45000
1
1
1
Melp_071204

20071204 060000
20071204 120000
  12.5000
  51.3000
  12.5000
  51.3000
1
70.000000
100.000000
 45000
1
1
1
Melp_071204

20071204 120000
20071204 180000
  12.5000
  51.3000
  12.5000
  51.3000
1
70.000000
100.000000
 45000
1
1
1
Melp_071204

20071204 180000
20071205 000000
  12.5000
  51.3000
  12.5000
  51.3000
1
70.000000
100.000000
 45000
1
1
1
Melp_071204

20071205 000000
20071205 060000
  12.5000
  51.3000
  12.5000
  51.3000
1
70.000000
100.000000
 45000
1
1
1
Melp_071205

20071205 060000
20071205 120000
  12.5000
  51.3000
  12.5000
  51.3000
1
70.000000
100.000000
 45000
1
1
1
Melp_071205

20071205 120000
20071205 180000
  12.5000
  51.3000
  12.5000
  51.3000
1
70.000000
100.000000
 45000
1
1
1
Melp_071205

20071205 180000
20071206 000000
  12.5000
  51.3000
  12.5000
  51.3000
1
70.000000
100.000000
 45000
1
1
1
Melp_071205

20071206 000000
20071206 060000
  12.5000
  51.3000
  12.5000
  51.3000
1
70.000000
100.000000
 45000
1
1
1
Melp_071206

20071206 060000
20071206 120000
  12.5000
  51.3000
  12.5000
  51.3000
1
70.000000
100.000000
 45000
1
1
1
Melp_071206

20071206 120000
20071206 180000
  12.5000
  51.3000
  12.5000
  51.3000
1
70.000000
100.000000
 45000
1
1
1
Melp_071206

20071206 180000
20071207 000000
  12.5000
  51.3000
  12.5000
  51.3000
1
70.000000
100.000000
 45000
1
1
1
Melp_071206

20071207 000000
20071207 060000
  12.5000
  51.3000
  12.5000
  51.3000
1
70.000000
100.000000
 45000
1
1
1
Melp_071207

20071207 060000
20071207 120000
  12.5000
  51.3000
  12.5000
  51.3000
1
70.000000
100.000000
 45000
1
1
1
Melp_071207

20071207 120000
20071207 180000
  12.5000
  51.3000
  12.5000
  51.3000
1
70.000000
100.000000
 45000
1
1
1
Melp_071207

20071207 180000
20071208 000000
  12.5000
  51.3000
  12.5000
  51.3000
1
70.000000
100.000000
 45000
1
1
1
Melp_071207

20071208 000000
20071208 060000
  12.5000
  51.3000
  12.5000
  51.3000
1
70.000000
100.000000
 45000
1
1
1
Melp_071208

20071208 060000
20071208 120000
  12.5000
  51.3000
  12.5000
  51.3000
1
70.000000
100.000000
 45000
1
1
1
Melp_071208

20071208 120000
20071208 180000
  12.5000
  51.3000
  12.5000
  51.3000
1
70.000000
100.000000
 45000
1
1
1
Melp_071208

20071208 180000
20071209 000000
  12.5000
  51.3000
  12.5000
  51.3000
1
70.000000
100.000000
 45000
1
1
1
Melp_071208

20071209 000000
20071209 060000
  12.5000
  51.3000
  12.5000
  51.3000
1
70.000000
100.000000
 45000
1
1
1
Melp_071209

20071209 060000
20071209 120000
  12.5000
  51.3000
  12.5000
  51.3000
1
70.000000
100.000000
 45000
1
1
1
Melp_071209

20071209 120000
20071209 180000
  12.5000
  51.3000
  12.5000
  51.3000
1
70.000000
100.000000
 45000
1
1
1
Melp_071209

20071209 180000
20071210 000000
  12.5000
  51.3000
  12.5000
  51.3000
1
70.000000
100.000000
 45000
1
1
1
Melp_071209

20071210 000000
20071210 060000
  12.5000
  51.3000
  12.5000
  51.3000
1
70.000000
100.000000
 45000
1
1
1
Melp_071210

20071210 060000
20071210 120000
  12.5000
  51.3000
  12.5000
  51.3000
1
70.000000
100.000000
 45000
1
1
1
Melp_071210

20071210 120000
20071210 180000
  12.5000
  51.3000
  12.5000
  51.3000
1
70.000000
100.000000
 45000
1
1
1
Melp_071210

20071210 180000
20071211 000000
  12.5000
  51.3000
  12.5000
  51.3000
1
70.000000
100.000000
 45000
1
1
1
Melp_071210

20071211 000000
20071211 060000
  12.5000
  51.3000
  12.5000
  51.3000
1
70.000000
100.000000
 45000
1
1
1
Melp_071211

20071211 060000
20071211 120000
  12.5000
  51.3000
  12.5000
  51.3000
1
70.000000
100.000000
 45000
1
1
1
Melp_071211

20071211 120000
20071211 180000
  12.5000
  51.3000
  12.5000
  51.3000
1
70.000000
100.000000
 45000
1
1
1
Melp_071211

20071211 180000
20071212 000000
  12.5000
  51.3000
  12.5000
  51.3000
1
70.000000
100.000000
 45000
1
1
1
Melp_071211

20071212 000000
20071212 060000
  12.5000
  51.3000
  12.5000
  51.3000
1
70.000000
100.000000
 45000
1
1
1
Melp_071212

20071212 060000
20071212 120000
  12.5000
  51.3000
  12.5000
  51.3000
1
70.000000
100.000000
 45000
1
1
1
Melp_071212

20071212 120000
20071212 180000
  12.5000
  51.3000
  12.5000
  51.3000
1
70.000000
100.000000
 45000
1
1
1
Melp_071212

20071212 180000
20071213 000000
  12.5000
  51.3000
  12.5000
  51.3000
1
70.000000
100.000000
 45000
1
1
1
Melp_071212

20071213 000000
20071213 060000
  12.5000
  51.3000
  12.5000
  51.3000
1
70.000000
100.000000
 45000
1
1
1
Melp_071213

20071213 060000
20071213 120000
  12.5000
  51.3000
  12.5000
  51.3000
1
70.000000
100.000000
 45000
1
1
1
Melp_071213

20071213 120000
20071213 180000
  12.5000
  51.3000
  12.5000
  51.3000
1
70.000000
100.000000
 45000
1
1
1
Melp_071213

20071213 180000
20071214 000000
  12.5000
  51.3000
  12.5000
  51.3000
1
70.000000
100.000000
 45000
1
1
1
Melp_071213

20071214 000000
20071214 060000
  12.5000
  51.3000
  12.5000
  51.3000
1
70.000000
100.000000
 45000
1
1
1
Melp_071214

20071214 060000
20071214 120000
  12.5000
  51.3000
  12.5000
  51.3000
1
70.000000
100.000000
 45000
1
1
1
Melp_071214

20071214 120000
20071214 180000
  12.5000
  51.3000
  12.5000
  51.3000
1
70.000000
100.000000
 45000
1
1
1
Melp_071214

20071214 180000
20071215 000000
  12.5000
  51.3000
  12.5000
  51.3000
1
70.000000
100.000000
 45000
1
1
1
Melp_071214

20071215 000000
20071215 060000
  12.5000
  51.3000
  12.5000
  51.3000
1
70.000000
100.000000
 45000
1
1
1
Melp_071215

20071215 060000
20071215 120000
  12.5000
  51.3000
  12.5000
  51.3000
1
70.000000
100.000000
 45000
1
1
1
Melp_071215

20071215 120000
20071215 180000
  12.5000
  51.3000
  12.5000
  51.3000
1
70.000000
100.000000
 45000
1
1
1
Melp_071215

20071215 180000
20071216 000000
  12.5000
  51.3000
  12.5000
  51.3000
1
70.000000
100.000000
 45000
1
1
1
Melp_071215

20071216 000000
20071216 060000
  12.5000
  51.3000
  12.5000
  51.3000
1
70.000000
100.000000
 45000
1
1
1
Melp_071216

20071216 060000
20071216 120000
  12.5000
  51.3000
  12.5000
  51.3000
1
70.000000
100.000000
 45000
1
1
1
Melp_071216

20071216 120000
20071216 180000
  12.5000
  51.3000
  12.5000
  51.3000
1
70.000000
100.000000
 45000
1
1
1
Melp_071216

20071216 180000
20071217 000000
  12.5000
  51.3000
  12.5000
  51.3000
1
70.000000
100.000000
 45000
1
1
1
Melp_071216

20071217 000000
20071217 060000
  12.5000
  51.3000
  12.5000
  51.3000
1
70.000000
100.000000
 45000
1
1
1
Melp_071217

20071217 060000
20071217 120000
  12.5000
  51.3000
  12.5000
  51.3000
1
70.000000
100.000000
 45000
1
1
1
Melp_071217

20071217 120000
20071217 180000
  12.5000
  51.3000
  12.5000
  51.3000
1
70.000000
100.000000
 45000
1
1
1
Melp_071217

20071217 180000
20071218 000000
  12.5000
  51.3000
  12.5000
  51.3000
1
70.000000
100.000000
 45000
1
1
1
Melp_071217

20071218 000000
20071218 060000
  12.5000
  51.3000
  12.5000
  51.3000
1
70.000000
100.000000
 45000
1
1
1
Melp_071218

20071218 060000
20071218 120000
  12.5000
  51.3000
  12.5000
  51.3000
1
70.000000
100.000000
 45000
1
1
1
Melp_071218

20071218 120000
20071218 180000
  12.5000
  51.3000
  12.5000
  51.3000
1
70.000000
100.000000
 45000
1
1
1
Melp_071218

20071218 180000
20071219 000000
  12.5000
  51.3000
  12.5000
  51.3000
1
70.000000
100.000000
 45000
1
1
1
Melp_071218

20071219 000000
20071219 060000
  12.5000
  51.3000
  12.5000
  51.3000
1
70.000000
100.000000
 45000
1
1
1
Melp_071219

20071219 060000
20071219 120000
  12.5000
  51.3000
  12.5000
  51.3000
1
70.000000
100.000000
 45000
1
1
1
Melp_071219

20071219 120000
20071219 180000
  12.5000
  51.3000
  12.5000
  51.3000
1
70.000000
100.000000
 45000
1
1
1
Melp_071219

20071219 180000
20071220 000000
  12.5000
  51.3000
  12.5000
  51.3000
1
70.000000
100.000000
 45000
1
1
1
Melp_071219

20071220 000000
20071220 060000
  12.5000
  51.3000
  12.5000
  51.3000
1
70.000000
100.000000
 45000
1
1
1
Melp_071220

20071220 060000
20071220 120000
  12.5000
  51.3000
  12.5000
  51.3000
1
70.000000
100.000000
 45000
1
1
1
Melp_071220

20071220 120000
20071220 180000
  12.5000
  51.3000
  12.5000
  51.3000
1
70.000000
100.000000
 45000
1
1
1
Melp_071220

20071220 180000
20071221 000000
  12.5000
  51.3000
  12.5000
  51.3000
1
70.000000
100.000000
 45000
1
1
1
Melp_071220

20071221 000000
20071221 060000
  12.5000
  51.3000
  12.5000
  51.3000
1
70.000000
100.000000
 45000
1
1
1
Melp_071221

20071221 060000
20071221 120000
  12.5000
  51.3000
  12.5000
  51.3000
1
70.000000
100.000000
 45000
1
1
1
Melp_071221

20071221 120000
20071221 180000
  12.5000
  51.3000
  12.5000
  51.3000
1
70.000000
100.000000
 45000
1
1
1
Melp_071221

20071221 180000
20071222 000000
  12.5000
  51.3000
  12.5000
  51.3000
1
70.000000
100.000000
 45000
1
1
1
Melp_071221

20071222 000000
20071222 060000
  12.5000
  51.3000
  12.5000
  51.3000
1
70.000000
100.000000
 45000
1
1
1
Melp_071222

20071222 060000
20071222 120000
  12.5000
  51.3000
  12.5000
  51.3000
1
70.000000
100.000000
 45000
1
1
1
Melp_071222

20071222 120000
20071222 180000
  12.5000
  51.3000
  12.5000
  51.3000
1
70.000000
100.000000
 45000
1
1
1
Melp_071222

20071222 180000
20071223 000000
  12.5000
  51.3000
  12.5000
  51.3000
1
70.000000
100.000000
 45000
1
1
1
Melp_071222

20071223 000000
20071223 060000
  12.5000
  51.3000
  12.5000
  51.3000
1
70.000000
100.000000
 45000
1
1
1
Melp_071223

20071223 060000
20071223 120000
  12.5000
  51.3000
  12.5000
  51.3000
1
70.000000
100.000000
 45000
1
1
1
Melp_071223

20071223 120000
20071223 180000
  12.5000
  51.3000
  12.5000
  51.3000
1
70.000000
100.000000
 45000
1
1
1
Melp_071223

20071223 180000
20071224 000000
  12.5000
  51.3000
  12.5000
  51.3000
1
70.000000
100.000000
 45000
1
1
1
Melp_071223

20071224 000000
20071224 060000
  12.5000
  51.3000
  12.5000
  51.3000
1
70.000000
100.000000
 45000
1
1
1
Melp_071224

20071224 060000
20071224 120000
  12.5000
  51.3000
  12.5000
  51.3000
1
70.000000
100.000000
 45000
1
1
1
Melp_071224

20071224 120000
20071224 180000
  12.5000
  51.3000
  12.5000
  51.3000
1
70.000000
100.000000
 45000
1
1
1
Melp_071224

20071224 180000
20071225 000000
  12.5000
  51.3000
  12.5000
  51.3000
1
70.000000
100.000000
 45000
1
1
1
Melp_071224

20071225 000000
20071225 060000
  12.5000
  51.3000
  12.5000
  51.3000
1
70.000000
100.000000
 45000
1
1
1
Melp_071225

20071225 060000
20071225 120000
  12.5000
  51.3000
  12.5000
  51.3000
1
70.000000
100.000000
 45000
1
1
1
Melp_071225

20071225 120000
20071225 180000
  12.5000
  51.3000
  12.5000
  51.3000
1
70.000000
100.000000
 45000
1
1
1
Melp_071225

20071225 180000
20071226 000000
  12.5000
  51.3000
  12.5000
  51.3000
1
70.000000
100.000000
 45000
1
1
1
Melp_071225

20071226 000000
20071226 060000
  12.5000
  51.3000
  12.5000
  51.3000
1
70.000000
100.000000
 45000
1
1
1
Melp_071226

20071226 060000
20071226 120000
  12.5000
  51.3000
  12.5000
  51.3000
1
70.000000
100.000000
 45000
1
1
1
Melp_071226

20071226 120000
20071226 180000
  12.5000
  51.3000
  12.5000
  51.3000
1
70.000000
100.000000
 45000
1
1
1
Melp_071226

20071226 180000
20071227 000000
  12.5000
  51.3000
  12.5000
  51.3000
1
70.000000
100.000000
 45000
1
1
1
Melp_071226

20071227 000000
20071227 060000
  12.5000
  51.3000
  12.5000
  51.3000
1
70.000000
100.000000
 45000
1
1
1
Melp_071227

20071227 060000
20071227 120000
  12.5000
  51.3000
  12.5000
  51.3000
1
70.000000
100.000000
 45000
1
1
1
Melp_071227

20071227 120000
20071227 180000
  12.5000
  51.3000
  12.5000
  51.3000
1
70.000000
100.000000
 45000
1
1
1
Melp_071227

20071227 180000
20071228 000000
  12.5000
  51.3000
  12.5000
  51.3000
1
70.000000
100.000000
 45000
1
1
1
Melp_071227

20071228 000000
20071228 060000
  12.5000
  51.3000
  12.5000
  51.3000
1
70.000000
100.000000
 45000
1
1
1
Melp_071228

20071228 060000
20071228 120000
  12.5000
  51.3000
  12.5000
  51.3000
1
70.000000
100.000000
 45000
1
1
1
Melp_071228

20071228 120000
20071228 180000
  12.5000
  51.3000
  12.5000
  51.3000
1
70.000000
100.000000
 45000
1
1
1
Melp_071228

20071228 180000
20071229 000000
  12.5000
  51.3000
  12.5000
  51.3000
1
70.000000
100.000000
 45000
1
1
1
Melp_071228

20071229 000000
20071229 060000
  12.5000
  51.3000
  12.5000
  51.3000
1
70.000000
100.000000
 45000
1
1
1
Melp_071229

20071229 060000
20071229 120000
  12.5000
  51.3000
  12.5000
  51.3000
1
70.000000
100.000000
 45000
1
1
1
Melp_071229

20071229 120000
20071229 180000
  12.5000
  51.3000
  12.5000
  51.3000
1
70.000000
100.000000
 45000
1
1
1
Melp_071229

20071229 180000
20071230 000000
  12.5000
  51.3000
  12.5000
  51.3000
1
70.000000
100.000000
 45000
1
1
1
Melp_071229

20071230 000000
20071230 060000
  12.5000
  51.3000
  12.5000
  51.3000
1
70.000000
100.000000
 45000
1
1
1
Melp_071230

20071230 060000
20071230 120000
  12.5000
  51.3000
  12.5000
  51.3000
1
70.000000
100.000000
 45000
1
1
1
Melp_071230

20071230 120000
20071230 180000
  12.5000
  51.3000
  12.5000
  51.3000
1
70.000000
100.000000
 45000
1
1
1
Melp_071230

20071230 180000
20071231 000000
  12.5000
  51.3000
  12.5000
  51.3000
1
70.000000
100.000000
 45000
1
1
1
Melp_071230

20071231 000000
20071231 060000
  12.5000
  51.3000
  12.5000
  51.3000
1
70.000000
100.000000
 45000
1
1
1
Melp_071231

20071231 060000
20071231 120000
  12.5000
  51.3000
  12.5000
  51.3000
1
70.000000
100.000000
 45000
1
1
1
Melp_071231

20071231 120000
20071231 180000
  12.5000
  51.3000
  12.5000
  51.3000
1
70.000000
100.000000
 45000
1
1
1
Melp_071231

20071231 180000
20080101 000000
  12.5000
  51.3000
  12.5000
  51.3000
1
70.000000
100.000000
 45000
1
1
1
Melp_071231

