+++++++++++++++++ HEADER ++++++++++++++++++++
+++++++++++++++++ HEADER ++++++++++++++++++++
+++++++++++++++++ HEADER ++++++++++++++++++++
+++++++++++++++++ HEADER ++++++++++++++++++++
+++++++++++++++++ HEADER ++++++++++++++++++++
+++++++++++++++++ HEADER ++++++++++++++++++++
+++++++++++++++++ HEADER ++++++++++++++++++++
+++++++++++++++++ HEADER ++++++++++++++++++++
+++++++++++++++++ HEADER ++++++++++++++++++++
+++++++++++++++++ HEADER ++++++++++++++++++++
+++++++++++++++++ HEADER ++++++++++++++++++++
3
 83
 84
 85

20070401 000000
20070401 060000
  11.5000
  78.5000
  11.5000
  78.5000
1
470.000000
490.000000
 45000
1
1
1
Zepp_070401

20070401 060000
20070401 120000
  11.5000
  78.5000
  11.5000
  78.5000
1
470.000000
490.000000
 45000
1
1
1
Zepp_070401

20070401 120000
20070401 180000
  11.5000
  78.5000
  11.5000
  78.5000
1
470.000000
490.000000
 45000
1
1
1
Zepp_070401

20070401 180000
20070402 000000
  11.5000
  78.5000
  11.5000
  78.5000
1
470.000000
490.000000
 45000
1
1
1
Zepp_070401

20070402 000000
20070402 060000
  11.5000
  78.5000
  11.5000
  78.5000
1
470.000000
490.000000
 45000
1
1
1
Zepp_070402

20070402 060000
20070402 120000
  11.5000
  78.5000
  11.5000
  78.5000
1
470.000000
490.000000
 45000
1
1
1
Zepp_070402

20070402 120000
20070402 180000
  11.5000
  78.5000
  11.5000
  78.5000
1
470.000000
490.000000
 45000
1
1
1
Zepp_070402

20070402 180000
20070403 000000
  11.5000
  78.5000
  11.5000
  78.5000
1
470.000000
490.000000
 45000
1
1
1
Zepp_070402

20070403 000000
20070403 060000
  11.5000
  78.5000
  11.5000
  78.5000
1
470.000000
490.000000
 45000
1
1
1
Zepp_070403

20070403 060000
20070403 120000
  11.5000
  78.5000
  11.5000
  78.5000
1
470.000000
490.000000
 45000
1
1
1
Zepp_070403

20070403 120000
20070403 180000
  11.5000
  78.5000
  11.5000
  78.5000
1
470.000000
490.000000
 45000
1
1
1
Zepp_070403

20070403 180000
20070404 000000
  11.5000
  78.5000
  11.5000
  78.5000
1
470.000000
490.000000
 45000
1
1
1
Zepp_070403

20070404 000000
20070404 060000
  11.5000
  78.5000
  11.5000
  78.5000
1
470.000000
490.000000
 45000
1
1
1
Zepp_070404

20070404 060000
20070404 120000
  11.5000
  78.5000
  11.5000
  78.5000
1
470.000000
490.000000
 45000
1
1
1
Zepp_070404

20070404 120000
20070404 180000
  11.5000
  78.5000
  11.5000
  78.5000
1
470.000000
490.000000
 45000
1
1
1
Zepp_070404

20070404 180000
20070405 000000
  11.5000
  78.5000
  11.5000
  78.5000
1
470.000000
490.000000
 45000
1
1
1
Zepp_070404

20070405 000000
20070405 060000
  11.5000
  78.5000
  11.5000
  78.5000
1
470.000000
490.000000
 45000
1
1
1
Zepp_070405

20070405 060000
20070405 120000
  11.5000
  78.5000
  11.5000
  78.5000
1
470.000000
490.000000
 45000
1
1
1
Zepp_070405

20070405 120000
20070405 180000
  11.5000
  78.5000
  11.5000
  78.5000
1
470.000000
490.000000
 45000
1
1
1
Zepp_070405

20070405 180000
20070406 000000
  11.5000
  78.5000
  11.5000
  78.5000
1
470.000000
490.000000
 45000
1
1
1
Zepp_070405

20070406 000000
20070406 060000
  11.5000
  78.5000
  11.5000
  78.5000
1
470.000000
490.000000
 45000
1
1
1
Zepp_070406

20070406 060000
20070406 120000
  11.5000
  78.5000
  11.5000
  78.5000
1
470.000000
490.000000
 45000
1
1
1
Zepp_070406

20070406 120000
20070406 180000
  11.5000
  78.5000
  11.5000
  78.5000
1
470.000000
490.000000
 45000
1
1
1
Zepp_070406

20070406 180000
20070407 000000
  11.5000
  78.5000
  11.5000
  78.5000
1
470.000000
490.000000
 45000
1
1
1
Zepp_070406

20070407 000000
20070407 060000
  11.5000
  78.5000
  11.5000
  78.5000
1
470.000000
490.000000
 45000
1
1
1
Zepp_070407

20070407 060000
20070407 120000
  11.5000
  78.5000
  11.5000
  78.5000
1
470.000000
490.000000
 45000
1
1
1
Zepp_070407

20070407 120000
20070407 180000
  11.5000
  78.5000
  11.5000
  78.5000
1
470.000000
490.000000
 45000
1
1
1
Zepp_070407

20070407 180000
20070408 000000
  11.5000
  78.5000
  11.5000
  78.5000
1
470.000000
490.000000
 45000
1
1
1
Zepp_070407

20070408 000000
20070408 060000
  11.5000
  78.5000
  11.5000
  78.5000
1
470.000000
490.000000
 45000
1
1
1
Zepp_070408

20070408 060000
20070408 120000
  11.5000
  78.5000
  11.5000
  78.5000
1
470.000000
490.000000
 45000
1
1
1
Zepp_070408

20070408 120000
20070408 180000
  11.5000
  78.5000
  11.5000
  78.5000
1
470.000000
490.000000
 45000
1
1
1
Zepp_070408

20070408 180000
20070409 000000
  11.5000
  78.5000
  11.5000
  78.5000
1
470.000000
490.000000
 45000
1
1
1
Zepp_070408

20070409 000000
20070409 060000
  11.5000
  78.5000
  11.5000
  78.5000
1
470.000000
490.000000
 45000
1
1
1
Zepp_070409

20070409 060000
20070409 120000
  11.5000
  78.5000
  11.5000
  78.5000
1
470.000000
490.000000
 45000
1
1
1
Zepp_070409

20070409 120000
20070409 180000
  11.5000
  78.5000
  11.5000
  78.5000
1
470.000000
490.000000
 45000
1
1
1
Zepp_070409

20070409 180000
20070410 000000
  11.5000
  78.5000
  11.5000
  78.5000
1
470.000000
490.000000
 45000
1
1
1
Zepp_070409

20070410 000000
20070410 060000
  11.5000
  78.5000
  11.5000
  78.5000
1
470.000000
490.000000
 45000
1
1
1
Zepp_070410

20070410 060000
20070410 120000
  11.5000
  78.5000
  11.5000
  78.5000
1
470.000000
490.000000
 45000
1
1
1
Zepp_070410

20070410 120000
20070410 180000
  11.5000
  78.5000
  11.5000
  78.5000
1
470.000000
490.000000
 45000
1
1
1
Zepp_070410

20070410 180000
20070411 000000
  11.5000
  78.5000
  11.5000
  78.5000
1
470.000000
490.000000
 45000
1
1
1
Zepp_070410

20070411 000000
20070411 060000
  11.5000
  78.5000
  11.5000
  78.5000
1
470.000000
490.000000
 45000
1
1
1
Zepp_070411

20070411 060000
20070411 120000
  11.5000
  78.5000
  11.5000
  78.5000
1
470.000000
490.000000
 45000
1
1
1
Zepp_070411

20070411 120000
20070411 180000
  11.5000
  78.5000
  11.5000
  78.5000
1
470.000000
490.000000
 45000
1
1
1
Zepp_070411

20070411 180000
20070412 000000
  11.5000
  78.5000
  11.5000
  78.5000
1
470.000000
490.000000
 45000
1
1
1
Zepp_070411

20070412 000000
20070412 060000
  11.5000
  78.5000
  11.5000
  78.5000
1
470.000000
490.000000
 45000
1
1
1
Zepp_070412

20070412 060000
20070412 120000
  11.5000
  78.5000
  11.5000
  78.5000
1
470.000000
490.000000
 45000
1
1
1
Zepp_070412

20070412 120000
20070412 180000
  11.5000
  78.5000
  11.5000
  78.5000
1
470.000000
490.000000
 45000
1
1
1
Zepp_070412

20070412 180000
20070413 000000
  11.5000
  78.5000
  11.5000
  78.5000
1
470.000000
490.000000
 45000
1
1
1
Zepp_070412

20070413 000000
20070413 060000
  11.5000
  78.5000
  11.5000
  78.5000
1
470.000000
490.000000
 45000
1
1
1
Zepp_070413

20070413 060000
20070413 120000
  11.5000
  78.5000
  11.5000
  78.5000
1
470.000000
490.000000
 45000
1
1
1
Zepp_070413

20070413 120000
20070413 180000
  11.5000
  78.5000
  11.5000
  78.5000
1
470.000000
490.000000
 45000
1
1
1
Zepp_070413

20070413 180000
20070414 000000
  11.5000
  78.5000
  11.5000
  78.5000
1
470.000000
490.000000
 45000
1
1
1
Zepp_070413

20070414 000000
20070414 060000
  11.5000
  78.5000
  11.5000
  78.5000
1
470.000000
490.000000
 45000
1
1
1
Zepp_070414

20070414 060000
20070414 120000
  11.5000
  78.5000
  11.5000
  78.5000
1
470.000000
490.000000
 45000
1
1
1
Zepp_070414

20070414 120000
20070414 180000
  11.5000
  78.5000
  11.5000
  78.5000
1
470.000000
490.000000
 45000
1
1
1
Zepp_070414

20070414 180000
20070415 000000
  11.5000
  78.5000
  11.5000
  78.5000
1
470.000000
490.000000
 45000
1
1
1
Zepp_070414

20070415 000000
20070415 060000
  11.5000
  78.5000
  11.5000
  78.5000
1
470.000000
490.000000
 45000
1
1
1
Zepp_070415

20070415 060000
20070415 120000
  11.5000
  78.5000
  11.5000
  78.5000
1
470.000000
490.000000
 45000
1
1
1
Zepp_070415

20070415 120000
20070415 180000
  11.5000
  78.5000
  11.5000
  78.5000
1
470.000000
490.000000
 45000
1
1
1
Zepp_070415

20070415 180000
20070416 000000
  11.5000
  78.5000
  11.5000
  78.5000
1
470.000000
490.000000
 45000
1
1
1
Zepp_070415

20070416 000000
20070416 060000
  11.5000
  78.5000
  11.5000
  78.5000
1
470.000000
490.000000
 45000
1
1
1
Zepp_070416

20070416 060000
20070416 120000
  11.5000
  78.5000
  11.5000
  78.5000
1
470.000000
490.000000
 45000
1
1
1
Zepp_070416

20070416 120000
20070416 180000
  11.5000
  78.5000
  11.5000
  78.5000
1
470.000000
490.000000
 45000
1
1
1
Zepp_070416

20070416 180000
20070417 000000
  11.5000
  78.5000
  11.5000
  78.5000
1
470.000000
490.000000
 45000
1
1
1
Zepp_070416

20070417 000000
20070417 060000
  11.5000
  78.5000
  11.5000
  78.5000
1
470.000000
490.000000
 45000
1
1
1
Zepp_070417

20070417 060000
20070417 120000
  11.5000
  78.5000
  11.5000
  78.5000
1
470.000000
490.000000
 45000
1
1
1
Zepp_070417

20070417 120000
20070417 180000
  11.5000
  78.5000
  11.5000
  78.5000
1
470.000000
490.000000
 45000
1
1
1
Zepp_070417

20070417 180000
20070418 000000
  11.5000
  78.5000
  11.5000
  78.5000
1
470.000000
490.000000
 45000
1
1
1
Zepp_070417

20070418 000000
20070418 060000
  11.5000
  78.5000
  11.5000
  78.5000
1
470.000000
490.000000
 45000
1
1
1
Zepp_070418

20070418 060000
20070418 120000
  11.5000
  78.5000
  11.5000
  78.5000
1
470.000000
490.000000
 45000
1
1
1
Zepp_070418

20070418 120000
20070418 180000
  11.5000
  78.5000
  11.5000
  78.5000
1
470.000000
490.000000
 45000
1
1
1
Zepp_070418

20070418 180000
20070419 000000
  11.5000
  78.5000
  11.5000
  78.5000
1
470.000000
490.000000
 45000
1
1
1
Zepp_070418

20070419 000000
20070419 060000
  11.5000
  78.5000
  11.5000
  78.5000
1
470.000000
490.000000
 45000
1
1
1
Zepp_070419

20070419 060000
20070419 120000
  11.5000
  78.5000
  11.5000
  78.5000
1
470.000000
490.000000
 45000
1
1
1
Zepp_070419

20070419 120000
20070419 180000
  11.5000
  78.5000
  11.5000
  78.5000
1
470.000000
490.000000
 45000
1
1
1
Zepp_070419

20070419 180000
20070420 000000
  11.5000
  78.5000
  11.5000
  78.5000
1
470.000000
490.000000
 45000
1
1
1
Zepp_070419

20070420 000000
20070420 060000
  11.5000
  78.5000
  11.5000
  78.5000
1
470.000000
490.000000
 45000
1
1
1
Zepp_070420

20070420 060000
20070420 120000
  11.5000
  78.5000
  11.5000
  78.5000
1
470.000000
490.000000
 45000
1
1
1
Zepp_070420

20070420 120000
20070420 180000
  11.5000
  78.5000
  11.5000
  78.5000
1
470.000000
490.000000
 45000
1
1
1
Zepp_070420

20070420 180000
20070421 000000
  11.5000
  78.5000
  11.5000
  78.5000
1
470.000000
490.000000
 45000
1
1
1
Zepp_070420

20070421 000000
20070421 060000
  11.5000
  78.5000
  11.5000
  78.5000
1
470.000000
490.000000
 45000
1
1
1
Zepp_070421

20070421 060000
20070421 120000
  11.5000
  78.5000
  11.5000
  78.5000
1
470.000000
490.000000
 45000
1
1
1
Zepp_070421

20070421 120000
20070421 180000
  11.5000
  78.5000
  11.5000
  78.5000
1
470.000000
490.000000
 45000
1
1
1
Zepp_070421

20070421 180000
20070422 000000
  11.5000
  78.5000
  11.5000
  78.5000
1
470.000000
490.000000
 45000
1
1
1
Zepp_070421

20070422 000000
20070422 060000
  11.5000
  78.5000
  11.5000
  78.5000
1
470.000000
490.000000
 45000
1
1
1
Zepp_070422

20070422 060000
20070422 120000
  11.5000
  78.5000
  11.5000
  78.5000
1
470.000000
490.000000
 45000
1
1
1
Zepp_070422

20070422 120000
20070422 180000
  11.5000
  78.5000
  11.5000
  78.5000
1
470.000000
490.000000
 45000
1
1
1
Zepp_070422

20070422 180000
20070423 000000
  11.5000
  78.5000
  11.5000
  78.5000
1
470.000000
490.000000
 45000
1
1
1
Zepp_070422

20070423 000000
20070423 060000
  11.5000
  78.5000
  11.5000
  78.5000
1
470.000000
490.000000
 45000
1
1
1
Zepp_070423

20070423 060000
20070423 120000
  11.5000
  78.5000
  11.5000
  78.5000
1
470.000000
490.000000
 45000
1
1
1
Zepp_070423

20070423 120000
20070423 180000
  11.5000
  78.5000
  11.5000
  78.5000
1
470.000000
490.000000
 45000
1
1
1
Zepp_070423

20070423 180000
20070424 000000
  11.5000
  78.5000
  11.5000
  78.5000
1
470.000000
490.000000
 45000
1
1
1
Zepp_070423

20070424 000000
20070424 060000
  11.5000
  78.5000
  11.5000
  78.5000
1
470.000000
490.000000
 45000
1
1
1
Zepp_070424

20070424 060000
20070424 120000
  11.5000
  78.5000
  11.5000
  78.5000
1
470.000000
490.000000
 45000
1
1
1
Zepp_070424

20070424 120000
20070424 180000
  11.5000
  78.5000
  11.5000
  78.5000
1
470.000000
490.000000
 45000
1
1
1
Zepp_070424

20070424 180000
20070425 000000
  11.5000
  78.5000
  11.5000
  78.5000
1
470.000000
490.000000
 45000
1
1
1
Zepp_070424

20070425 000000
20070425 060000
  11.5000
  78.5000
  11.5000
  78.5000
1
470.000000
490.000000
 45000
1
1
1
Zepp_070425

20070425 060000
20070425 120000
  11.5000
  78.5000
  11.5000
  78.5000
1
470.000000
490.000000
 45000
1
1
1
Zepp_070425

20070425 120000
20070425 180000
  11.5000
  78.5000
  11.5000
  78.5000
1
470.000000
490.000000
 45000
1
1
1
Zepp_070425

20070425 180000
20070426 000000
  11.5000
  78.5000
  11.5000
  78.5000
1
470.000000
490.000000
 45000
1
1
1
Zepp_070425

20070426 000000
20070426 060000
  11.5000
  78.5000
  11.5000
  78.5000
1
470.000000
490.000000
 45000
1
1
1
Zepp_070426

20070426 060000
20070426 120000
  11.5000
  78.5000
  11.5000
  78.5000
1
470.000000
490.000000
 45000
1
1
1
Zepp_070426

20070426 120000
20070426 180000
  11.5000
  78.5000
  11.5000
  78.5000
1
470.000000
490.000000
 45000
1
1
1
Zepp_070426

20070426 180000
20070427 000000
  11.5000
  78.5000
  11.5000
  78.5000
1
470.000000
490.000000
 45000
1
1
1
Zepp_070426

20070427 000000
20070427 060000
  11.5000
  78.5000
  11.5000
  78.5000
1
470.000000
490.000000
 45000
1
1
1
Zepp_070427

20070427 060000
20070427 120000
  11.5000
  78.5000
  11.5000
  78.5000
1
470.000000
490.000000
 45000
1
1
1
Zepp_070427

20070427 120000
20070427 180000
  11.5000
  78.5000
  11.5000
  78.5000
1
470.000000
490.000000
 45000
1
1
1
Zepp_070427

20070427 180000
20070428 000000
  11.5000
  78.5000
  11.5000
  78.5000
1
470.000000
490.000000
 45000
1
1
1
Zepp_070427

20070428 000000
20070428 060000
  11.5000
  78.5000
  11.5000
  78.5000
1
470.000000
490.000000
 45000
1
1
1
Zepp_070428

20070428 060000
20070428 120000
  11.5000
  78.5000
  11.5000
  78.5000
1
470.000000
490.000000
 45000
1
1
1
Zepp_070428

20070428 120000
20070428 180000
  11.5000
  78.5000
  11.5000
  78.5000
1
470.000000
490.000000
 45000
1
1
1
Zepp_070428

20070428 180000
20070429 000000
  11.5000
  78.5000
  11.5000
  78.5000
1
470.000000
490.000000
 45000
1
1
1
Zepp_070428

20070429 000000
20070429 060000
  11.5000
  78.5000
  11.5000
  78.5000
1
470.000000
490.000000
 45000
1
1
1
Zepp_070429

20070429 060000
20070429 120000
  11.5000
  78.5000
  11.5000
  78.5000
1
470.000000
490.000000
 45000
1
1
1
Zepp_070429

20070429 120000
20070429 180000
  11.5000
  78.5000
  11.5000
  78.5000
1
470.000000
490.000000
 45000
1
1
1
Zepp_070429

20070429 180000
20070430 000000
  11.5000
  78.5000
  11.5000
  78.5000
1
470.000000
490.000000
 45000
1
1
1
Zepp_070429

20070430 000000
20070430 060000
  11.5000
  78.5000
  11.5000
  78.5000
1
470.000000
490.000000
 45000
1
1
1
Zepp_070430

20070430 060000
20070430 120000
  11.5000
  78.5000
  11.5000
  78.5000
1
470.000000
490.000000
 45000
1
1
1
Zepp_070430

20070430 120000
20070430 180000
  11.5000
  78.5000
  11.5000
  78.5000
1
470.000000
490.000000
 45000
1
1
1
Zepp_070430

20070430 180000
20070501 000000
  11.5000
  78.5000
  11.5000
  78.5000
1
470.000000
490.000000
 45000
1
1
1
Zepp_070430

