+++++++++++++++++ HEADER ++++++++++++++++++++
+++++++++++++++++ HEADER ++++++++++++++++++++
+++++++++++++++++ HEADER ++++++++++++++++++++
+++++++++++++++++ HEADER ++++++++++++++++++++
+++++++++++++++++ HEADER ++++++++++++++++++++
+++++++++++++++++ HEADER ++++++++++++++++++++
+++++++++++++++++ HEADER ++++++++++++++++++++
+++++++++++++++++ HEADER ++++++++++++++++++++
+++++++++++++++++ HEADER ++++++++++++++++++++
+++++++++++++++++ HEADER ++++++++++++++++++++
+++++++++++++++++ HEADER ++++++++++++++++++++
3
 83
 84
 85

20070801 000000
20070801 060000
  12.5000
  51.3000
  12.5000
  51.3000
1
70.000000
100.000000
 45000
1
1
1
Melp_070801

20070801 060000
20070801 120000
  12.5000
  51.3000
  12.5000
  51.3000
1
70.000000
100.000000
 45000
1
1
1
Melp_070801

20070801 120000
20070801 180000
  12.5000
  51.3000
  12.5000
  51.3000
1
70.000000
100.000000
 45000
1
1
1
Melp_070801

20070801 180000
20070802 000000
  12.5000
  51.3000
  12.5000
  51.3000
1
70.000000
100.000000
 45000
1
1
1
Melp_070801

20070802 000000
20070802 060000
  12.5000
  51.3000
  12.5000
  51.3000
1
70.000000
100.000000
 45000
1
1
1
Melp_070802

20070802 060000
20070802 120000
  12.5000
  51.3000
  12.5000
  51.3000
1
70.000000
100.000000
 45000
1
1
1
Melp_070802

20070802 120000
20070802 180000
  12.5000
  51.3000
  12.5000
  51.3000
1
70.000000
100.000000
 45000
1
1
1
Melp_070802

20070802 180000
20070803 000000
  12.5000
  51.3000
  12.5000
  51.3000
1
70.000000
100.000000
 45000
1
1
1
Melp_070802

20070803 000000
20070803 060000
  12.5000
  51.3000
  12.5000
  51.3000
1
70.000000
100.000000
 45000
1
1
1
Melp_070803

20070803 060000
20070803 120000
  12.5000
  51.3000
  12.5000
  51.3000
1
70.000000
100.000000
 45000
1
1
1
Melp_070803

20070803 120000
20070803 180000
  12.5000
  51.3000
  12.5000
  51.3000
1
70.000000
100.000000
 45000
1
1
1
Melp_070803

20070803 180000
20070804 000000
  12.5000
  51.3000
  12.5000
  51.3000
1
70.000000
100.000000
 45000
1
1
1
Melp_070803

20070804 000000
20070804 060000
  12.5000
  51.3000
  12.5000
  51.3000
1
70.000000
100.000000
 45000
1
1
1
Melp_070804

20070804 060000
20070804 120000
  12.5000
  51.3000
  12.5000
  51.3000
1
70.000000
100.000000
 45000
1
1
1
Melp_070804

20070804 120000
20070804 180000
  12.5000
  51.3000
  12.5000
  51.3000
1
70.000000
100.000000
 45000
1
1
1
Melp_070804

20070804 180000
20070805 000000
  12.5000
  51.3000
  12.5000
  51.3000
1
70.000000
100.000000
 45000
1
1
1
Melp_070804

20070805 000000
20070805 060000
  12.5000
  51.3000
  12.5000
  51.3000
1
70.000000
100.000000
 45000
1
1
1
Melp_070805

20070805 060000
20070805 120000
  12.5000
  51.3000
  12.5000
  51.3000
1
70.000000
100.000000
 45000
1
1
1
Melp_070805

20070805 120000
20070805 180000
  12.5000
  51.3000
  12.5000
  51.3000
1
70.000000
100.000000
 45000
1
1
1
Melp_070805

20070805 180000
20070806 000000
  12.5000
  51.3000
  12.5000
  51.3000
1
70.000000
100.000000
 45000
1
1
1
Melp_070805

20070806 000000
20070806 060000
  12.5000
  51.3000
  12.5000
  51.3000
1
70.000000
100.000000
 45000
1
1
1
Melp_070806

20070806 060000
20070806 120000
  12.5000
  51.3000
  12.5000
  51.3000
1
70.000000
100.000000
 45000
1
1
1
Melp_070806

20070806 120000
20070806 180000
  12.5000
  51.3000
  12.5000
  51.3000
1
70.000000
100.000000
 45000
1
1
1
Melp_070806

20070806 180000
20070807 000000
  12.5000
  51.3000
  12.5000
  51.3000
1
70.000000
100.000000
 45000
1
1
1
Melp_070806

20070807 000000
20070807 060000
  12.5000
  51.3000
  12.5000
  51.3000
1
70.000000
100.000000
 45000
1
1
1
Melp_070807

20070807 060000
20070807 120000
  12.5000
  51.3000
  12.5000
  51.3000
1
70.000000
100.000000
 45000
1
1
1
Melp_070807

20070807 120000
20070807 180000
  12.5000
  51.3000
  12.5000
  51.3000
1
70.000000
100.000000
 45000
1
1
1
Melp_070807

20070807 180000
20070808 000000
  12.5000
  51.3000
  12.5000
  51.3000
1
70.000000
100.000000
 45000
1
1
1
Melp_070807

20070808 000000
20070808 060000
  12.5000
  51.3000
  12.5000
  51.3000
1
70.000000
100.000000
 45000
1
1
1
Melp_070808

20070808 060000
20070808 120000
  12.5000
  51.3000
  12.5000
  51.3000
1
70.000000
100.000000
 45000
1
1
1
Melp_070808

20070808 120000
20070808 180000
  12.5000
  51.3000
  12.5000
  51.3000
1
70.000000
100.000000
 45000
1
1
1
Melp_070808

20070808 180000
20070809 000000
  12.5000
  51.3000
  12.5000
  51.3000
1
70.000000
100.000000
 45000
1
1
1
Melp_070808

20070809 000000
20070809 060000
  12.5000
  51.3000
  12.5000
  51.3000
1
70.000000
100.000000
 45000
1
1
1
Melp_070809

20070809 060000
20070809 120000
  12.5000
  51.3000
  12.5000
  51.3000
1
70.000000
100.000000
 45000
1
1
1
Melp_070809

20070809 120000
20070809 180000
  12.5000
  51.3000
  12.5000
  51.3000
1
70.000000
100.000000
 45000
1
1
1
Melp_070809

20070809 180000
20070810 000000
  12.5000
  51.3000
  12.5000
  51.3000
1
70.000000
100.000000
 45000
1
1
1
Melp_070809

20070810 000000
20070810 060000
  12.5000
  51.3000
  12.5000
  51.3000
1
70.000000
100.000000
 45000
1
1
1
Melp_070810

20070810 060000
20070810 120000
  12.5000
  51.3000
  12.5000
  51.3000
1
70.000000
100.000000
 45000
1
1
1
Melp_070810

20070810 120000
20070810 180000
  12.5000
  51.3000
  12.5000
  51.3000
1
70.000000
100.000000
 45000
1
1
1
Melp_070810

20070810 180000
20070811 000000
  12.5000
  51.3000
  12.5000
  51.3000
1
70.000000
100.000000
 45000
1
1
1
Melp_070810

20070811 000000
20070811 060000
  12.5000
  51.3000
  12.5000
  51.3000
1
70.000000
100.000000
 45000
1
1
1
Melp_070811

20070811 060000
20070811 120000
  12.5000
  51.3000
  12.5000
  51.3000
1
70.000000
100.000000
 45000
1
1
1
Melp_070811

20070811 120000
20070811 180000
  12.5000
  51.3000
  12.5000
  51.3000
1
70.000000
100.000000
 45000
1
1
1
Melp_070811

20070811 180000
20070812 000000
  12.5000
  51.3000
  12.5000
  51.3000
1
70.000000
100.000000
 45000
1
1
1
Melp_070811

20070812 000000
20070812 060000
  12.5000
  51.3000
  12.5000
  51.3000
1
70.000000
100.000000
 45000
1
1
1
Melp_070812

20070812 060000
20070812 120000
  12.5000
  51.3000
  12.5000
  51.3000
1
70.000000
100.000000
 45000
1
1
1
Melp_070812

20070812 120000
20070812 180000
  12.5000
  51.3000
  12.5000
  51.3000
1
70.000000
100.000000
 45000
1
1
1
Melp_070812

20070812 180000
20070813 000000
  12.5000
  51.3000
  12.5000
  51.3000
1
70.000000
100.000000
 45000
1
1
1
Melp_070812

20070813 000000
20070813 060000
  12.5000
  51.3000
  12.5000
  51.3000
1
70.000000
100.000000
 45000
1
1
1
Melp_070813

20070813 060000
20070813 120000
  12.5000
  51.3000
  12.5000
  51.3000
1
70.000000
100.000000
 45000
1
1
1
Melp_070813

20070813 120000
20070813 180000
  12.5000
  51.3000
  12.5000
  51.3000
1
70.000000
100.000000
 45000
1
1
1
Melp_070813

20070813 180000
20070814 000000
  12.5000
  51.3000
  12.5000
  51.3000
1
70.000000
100.000000
 45000
1
1
1
Melp_070813

20070814 000000
20070814 060000
  12.5000
  51.3000
  12.5000
  51.3000
1
70.000000
100.000000
 45000
1
1
1
Melp_070814

20070814 060000
20070814 120000
  12.5000
  51.3000
  12.5000
  51.3000
1
70.000000
100.000000
 45000
1
1
1
Melp_070814

20070814 120000
20070814 180000
  12.5000
  51.3000
  12.5000
  51.3000
1
70.000000
100.000000
 45000
1
1
1
Melp_070814

20070814 180000
20070815 000000
  12.5000
  51.3000
  12.5000
  51.3000
1
70.000000
100.000000
 45000
1
1
1
Melp_070814

20070815 000000
20070815 060000
  12.5000
  51.3000
  12.5000
  51.3000
1
70.000000
100.000000
 45000
1
1
1
Melp_070815

20070815 060000
20070815 120000
  12.5000
  51.3000
  12.5000
  51.3000
1
70.000000
100.000000
 45000
1
1
1
Melp_070815

20070815 120000
20070815 180000
  12.5000
  51.3000
  12.5000
  51.3000
1
70.000000
100.000000
 45000
1
1
1
Melp_070815

20070815 180000
20070816 000000
  12.5000
  51.3000
  12.5000
  51.3000
1
70.000000
100.000000
 45000
1
1
1
Melp_070815

20070816 000000
20070816 060000
  12.5000
  51.3000
  12.5000
  51.3000
1
70.000000
100.000000
 45000
1
1
1
Melp_070816

20070816 060000
20070816 120000
  12.5000
  51.3000
  12.5000
  51.3000
1
70.000000
100.000000
 45000
1
1
1
Melp_070816

20070816 120000
20070816 180000
  12.5000
  51.3000
  12.5000
  51.3000
1
70.000000
100.000000
 45000
1
1
1
Melp_070816

20070816 180000
20070817 000000
  12.5000
  51.3000
  12.5000
  51.3000
1
70.000000
100.000000
 45000
1
1
1
Melp_070816

20070817 000000
20070817 060000
  12.5000
  51.3000
  12.5000
  51.3000
1
70.000000
100.000000
 45000
1
1
1
Melp_070817

20070817 060000
20070817 120000
  12.5000
  51.3000
  12.5000
  51.3000
1
70.000000
100.000000
 45000
1
1
1
Melp_070817

20070817 120000
20070817 180000
  12.5000
  51.3000
  12.5000
  51.3000
1
70.000000
100.000000
 45000
1
1
1
Melp_070817

20070817 180000
20070818 000000
  12.5000
  51.3000
  12.5000
  51.3000
1
70.000000
100.000000
 45000
1
1
1
Melp_070817

20070818 000000
20070818 060000
  12.5000
  51.3000
  12.5000
  51.3000
1
70.000000
100.000000
 45000
1
1
1
Melp_070818

20070818 060000
20070818 120000
  12.5000
  51.3000
  12.5000
  51.3000
1
70.000000
100.000000
 45000
1
1
1
Melp_070818

20070818 120000
20070818 180000
  12.5000
  51.3000
  12.5000
  51.3000
1
70.000000
100.000000
 45000
1
1
1
Melp_070818

20070818 180000
20070819 000000
  12.5000
  51.3000
  12.5000
  51.3000
1
70.000000
100.000000
 45000
1
1
1
Melp_070818

20070819 000000
20070819 060000
  12.5000
  51.3000
  12.5000
  51.3000
1
70.000000
100.000000
 45000
1
1
1
Melp_070819

20070819 060000
20070819 120000
  12.5000
  51.3000
  12.5000
  51.3000
1
70.000000
100.000000
 45000
1
1
1
Melp_070819

20070819 120000
20070819 180000
  12.5000
  51.3000
  12.5000
  51.3000
1
70.000000
100.000000
 45000
1
1
1
Melp_070819

20070819 180000
20070820 000000
  12.5000
  51.3000
  12.5000
  51.3000
1
70.000000
100.000000
 45000
1
1
1
Melp_070819

20070820 000000
20070820 060000
  12.5000
  51.3000
  12.5000
  51.3000
1
70.000000
100.000000
 45000
1
1
1
Melp_070820

20070820 060000
20070820 120000
  12.5000
  51.3000
  12.5000
  51.3000
1
70.000000
100.000000
 45000
1
1
1
Melp_070820

20070820 120000
20070820 180000
  12.5000
  51.3000
  12.5000
  51.3000
1
70.000000
100.000000
 45000
1
1
1
Melp_070820

20070820 180000
20070821 000000
  12.5000
  51.3000
  12.5000
  51.3000
1
70.000000
100.000000
 45000
1
1
1
Melp_070820

20070821 000000
20070821 060000
  12.5000
  51.3000
  12.5000
  51.3000
1
70.000000
100.000000
 45000
1
1
1
Melp_070821

20070821 060000
20070821 120000
  12.5000
  51.3000
  12.5000
  51.3000
1
70.000000
100.000000
 45000
1
1
1
Melp_070821

20070821 120000
20070821 180000
  12.5000
  51.3000
  12.5000
  51.3000
1
70.000000
100.000000
 45000
1
1
1
Melp_070821

20070821 180000
20070822 000000
  12.5000
  51.3000
  12.5000
  51.3000
1
70.000000
100.000000
 45000
1
1
1
Melp_070821

20070822 000000
20070822 060000
  12.5000
  51.3000
  12.5000
  51.3000
1
70.000000
100.000000
 45000
1
1
1
Melp_070822

20070822 060000
20070822 120000
  12.5000
  51.3000
  12.5000
  51.3000
1
70.000000
100.000000
 45000
1
1
1
Melp_070822

20070822 120000
20070822 180000
  12.5000
  51.3000
  12.5000
  51.3000
1
70.000000
100.000000
 45000
1
1
1
Melp_070822

20070822 180000
20070823 000000
  12.5000
  51.3000
  12.5000
  51.3000
1
70.000000
100.000000
 45000
1
1
1
Melp_070822

20070823 000000
20070823 060000
  12.5000
  51.3000
  12.5000
  51.3000
1
70.000000
100.000000
 45000
1
1
1
Melp_070823

20070823 060000
20070823 120000
  12.5000
  51.3000
  12.5000
  51.3000
1
70.000000
100.000000
 45000
1
1
1
Melp_070823

20070823 120000
20070823 180000
  12.5000
  51.3000
  12.5000
  51.3000
1
70.000000
100.000000
 45000
1
1
1
Melp_070823

20070823 180000
20070824 000000
  12.5000
  51.3000
  12.5000
  51.3000
1
70.000000
100.000000
 45000
1
1
1
Melp_070823

20070824 000000
20070824 060000
  12.5000
  51.3000
  12.5000
  51.3000
1
70.000000
100.000000
 45000
1
1
1
Melp_070824

20070824 060000
20070824 120000
  12.5000
  51.3000
  12.5000
  51.3000
1
70.000000
100.000000
 45000
1
1
1
Melp_070824

20070824 120000
20070824 180000
  12.5000
  51.3000
  12.5000
  51.3000
1
70.000000
100.000000
 45000
1
1
1
Melp_070824

20070824 180000
20070825 000000
  12.5000
  51.3000
  12.5000
  51.3000
1
70.000000
100.000000
 45000
1
1
1
Melp_070824

20070825 000000
20070825 060000
  12.5000
  51.3000
  12.5000
  51.3000
1
70.000000
100.000000
 45000
1
1
1
Melp_070825

20070825 060000
20070825 120000
  12.5000
  51.3000
  12.5000
  51.3000
1
70.000000
100.000000
 45000
1
1
1
Melp_070825

20070825 120000
20070825 180000
  12.5000
  51.3000
  12.5000
  51.3000
1
70.000000
100.000000
 45000
1
1
1
Melp_070825

20070825 180000
20070826 000000
  12.5000
  51.3000
  12.5000
  51.3000
1
70.000000
100.000000
 45000
1
1
1
Melp_070825

20070826 000000
20070826 060000
  12.5000
  51.3000
  12.5000
  51.3000
1
70.000000
100.000000
 45000
1
1
1
Melp_070826

20070826 060000
20070826 120000
  12.5000
  51.3000
  12.5000
  51.3000
1
70.000000
100.000000
 45000
1
1
1
Melp_070826

20070826 120000
20070826 180000
  12.5000
  51.3000
  12.5000
  51.3000
1
70.000000
100.000000
 45000
1
1
1
Melp_070826

20070826 180000
20070827 000000
  12.5000
  51.3000
  12.5000
  51.3000
1
70.000000
100.000000
 45000
1
1
1
Melp_070826

20070827 000000
20070827 060000
  12.5000
  51.3000
  12.5000
  51.3000
1
70.000000
100.000000
 45000
1
1
1
Melp_070827

20070827 060000
20070827 120000
  12.5000
  51.3000
  12.5000
  51.3000
1
70.000000
100.000000
 45000
1
1
1
Melp_070827

20070827 120000
20070827 180000
  12.5000
  51.3000
  12.5000
  51.3000
1
70.000000
100.000000
 45000
1
1
1
Melp_070827

20070827 180000
20070828 000000
  12.5000
  51.3000
  12.5000
  51.3000
1
70.000000
100.000000
 45000
1
1
1
Melp_070827

20070828 000000
20070828 060000
  12.5000
  51.3000
  12.5000
  51.3000
1
70.000000
100.000000
 45000
1
1
1
Melp_070828

20070828 060000
20070828 120000
  12.5000
  51.3000
  12.5000
  51.3000
1
70.000000
100.000000
 45000
1
1
1
Melp_070828

20070828 120000
20070828 180000
  12.5000
  51.3000
  12.5000
  51.3000
1
70.000000
100.000000
 45000
1
1
1
Melp_070828

20070828 180000
20070829 000000
  12.5000
  51.3000
  12.5000
  51.3000
1
70.000000
100.000000
 45000
1
1
1
Melp_070828

20070829 000000
20070829 060000
  12.5000
  51.3000
  12.5000
  51.3000
1
70.000000
100.000000
 45000
1
1
1
Melp_070829

20070829 060000
20070829 120000
  12.5000
  51.3000
  12.5000
  51.3000
1
70.000000
100.000000
 45000
1
1
1
Melp_070829

20070829 120000
20070829 180000
  12.5000
  51.3000
  12.5000
  51.3000
1
70.000000
100.000000
 45000
1
1
1
Melp_070829

20070829 180000
20070830 000000
  12.5000
  51.3000
  12.5000
  51.3000
1
70.000000
100.000000
 45000
1
1
1
Melp_070829

20070830 000000
20070830 060000
  12.5000
  51.3000
  12.5000
  51.3000
1
70.000000
100.000000
 45000
1
1
1
Melp_070830

20070830 060000
20070830 120000
  12.5000
  51.3000
  12.5000
  51.3000
1
70.000000
100.000000
 45000
1
1
1
Melp_070830

20070830 120000
20070830 180000
  12.5000
  51.3000
  12.5000
  51.3000
1
70.000000
100.000000
 45000
1
1
1
Melp_070830

20070830 180000
20070831 000000
  12.5000
  51.3000
  12.5000
  51.3000
1
70.000000
100.000000
 45000
1
1
1
Melp_070830

20070831 000000
20070831 060000
  12.5000
  51.3000
  12.5000
  51.3000
1
70.000000
100.000000
 45000
1
1
1
Melp_070831

20070831 060000
20070831 120000
  12.5000
  51.3000
  12.5000
  51.3000
1
70.000000
100.000000
 45000
1
1
1
Melp_070831

20070831 120000
20070831 180000
  12.5000
  51.3000
  12.5000
  51.3000
1
70.000000
100.000000
 45000
1
1
1
Melp_070831

20070831 180000
20070901 000000
  12.5000
  51.3000
  12.5000
  51.3000
1
70.000000
100.000000
 45000
1
1
1
Melp_070831

